#          k/h    CDM            baryon         photon         nu             mass_nu        total          no_nu          total_de       Weyl           v_CDM          v_b            v_b-v_c     
   0.967708E-05   0.192152E+08   0.192152E+08   0.256054E+08   0.256050E+08   0.000000E+00   0.192152E+08   0.192152E+08   0.192232E+08  -0.432146E+00   0.104143E+08   0.104143E+08   0.656351E+01
   0.106888E-04   0.192153E+08   0.192153E+08   0.256022E+08   0.256017E+08   0.000000E+00   0.192153E+08   0.192153E+08   0.192233E+08  -0.432152E+00   0.104143E+08   0.104143E+08   0.724946E+01
   0.118062E-04   0.192154E+08   0.192154E+08   0.255983E+08   0.255977E+08   0.000000E+00   0.192154E+08   0.192154E+08   0.192233E+08  -0.432160E+00   0.104143E+08   0.104143E+08   0.800706E+01
   0.130405E-04   0.192154E+08   0.192154E+08   0.255935E+08   0.255927E+08   0.000000E+00   0.192154E+08   0.192154E+08   0.192234E+08  -0.432170E+00   0.104144E+08   0.104144E+08   0.884375E+01
   0.144038E-04   0.192155E+08   0.192155E+08   0.255877E+08   0.255867E+08   0.000000E+00   0.192155E+08   0.192155E+08   0.192235E+08  -0.432182E+00   0.104145E+08   0.104145E+08   0.976777E+01
   0.159097E-04   0.192157E+08   0.192157E+08   0.255806E+08   0.255794E+08   0.000000E+00   0.192157E+08   0.192157E+08   0.192236E+08  -0.432196E+00   0.104146E+08   0.104145E+08   0.107882E+02
   0.175729E-04   0.192158E+08   0.192158E+08   0.255720E+08   0.255705E+08   0.000000E+00   0.192158E+08   0.192158E+08   0.192237E+08  -0.432214E+00   0.104146E+08   0.104146E+08   0.119151E+02
   0.194101E-04   0.192160E+08   0.192160E+08   0.255614E+08   0.255596E+08   0.000000E+00   0.192160E+08   0.192160E+08   0.192239E+08  -0.432235E+00   0.104148E+08   0.104148E+08   0.131594E+02
   0.214393E-04   0.192162E+08   0.192162E+08   0.255485E+08   0.255464E+08   0.000000E+00   0.192162E+08   0.192162E+08   0.192241E+08  -0.432261E+00   0.104149E+08   0.104149E+08   0.145333E+02
   0.236807E-04   0.192165E+08   0.192164E+08   0.255328E+08   0.255302E+08   0.000000E+00   0.192165E+08   0.192165E+08   0.192244E+08  -0.432293E+00   0.104151E+08   0.104151E+08   0.160503E+02
   0.261563E-04   0.192168E+08   0.192168E+08   0.255137E+08   0.255105E+08   0.000000E+00   0.192168E+08   0.192168E+08   0.192247E+08  -0.432332E+00   0.104153E+08   0.104153E+08   0.177250E+02
   0.288908E-04   0.192172E+08   0.192172E+08   0.254903E+08   0.254864E+08   0.000000E+00   0.192172E+08   0.192172E+08   0.192251E+08  -0.432379E+00   0.104156E+08   0.104156E+08   0.195737E+02
   0.319112E-04   0.192176E+08   0.192176E+08   0.254619E+08   0.254571E+08   0.000000E+00   0.192176E+08   0.192176E+08   0.192255E+08  -0.432436E+00   0.104159E+08   0.104159E+08   0.216141E+02
   0.352474E-04   0.192182E+08   0.192182E+08   0.254272E+08   0.254214E+08   0.000000E+00   0.192182E+08   0.192182E+08   0.192261E+08  -0.432507E+00   0.104163E+08   0.104163E+08   0.238658E+02
   0.389323E-04   0.192189E+08   0.192189E+08   0.253849E+08   0.253779E+08   0.000000E+00   0.192189E+08   0.192189E+08   0.192268E+08  -0.432593E+00   0.104168E+08   0.104168E+08   0.263501E+02
   0.430025E-04   0.192198E+08   0.192198E+08   0.253334E+08   0.253248E+08   0.000000E+00   0.192198E+08   0.192198E+08   0.192276E+08  -0.432697E+00   0.104174E+08   0.104174E+08   0.290905E+02
   0.474981E-04   0.192208E+08   0.192208E+08   0.252708E+08   0.252603E+08   0.000000E+00   0.192208E+08   0.192208E+08   0.192287E+08  -0.432825E+00   0.104181E+08   0.104181E+08   0.321123E+02
   0.524638E-04   0.192221E+08   0.192221E+08   0.251945E+08   0.251817E+08   0.000000E+00   0.192221E+08   0.192221E+08   0.192299E+08  -0.432980E+00   0.104189E+08   0.104189E+08   0.354433E+02
   0.579486E-04   0.192237E+08   0.192236E+08   0.251017E+08   0.250861E+08   0.000000E+00   0.192237E+08   0.192237E+08   0.192315E+08  -0.433170E+00   0.104200E+08   0.104200E+08   0.391135E+02
   0.640068E-04   0.192256E+08   0.192255E+08   0.249889E+08   0.249700E+08   0.000000E+00   0.192256E+08   0.192256E+08   0.192333E+08  -0.433400E+00   0.104213E+08   0.104213E+08   0.431552E+02
   0.706984E-04   0.192279E+08   0.192278E+08   0.248518E+08   0.248288E+08   0.000000E+00   0.192279E+08   0.192279E+08   0.192356E+08  -0.433682E+00   0.104229E+08   0.104229E+08   0.476031E+02
   0.780895E-04   0.192307E+08   0.192307E+08   0.246855E+08   0.246576E+08   0.000000E+00   0.192307E+08   0.192307E+08   0.192384E+08  -0.434024E+00   0.104248E+08   0.104248E+08   0.524941E+02
   0.862534E-04   0.192341E+08   0.192341E+08   0.244838E+08   0.244500E+08   0.000000E+00   0.192341E+08   0.192341E+08   0.192417E+08  -0.434441E+00   0.104271E+08   0.104271E+08   0.578669E+02
   0.952707E-04   0.192383E+08   0.192383E+08   0.242397E+08   0.241988E+08   0.000000E+00   0.192383E+08   0.192383E+08   0.192458E+08  -0.434949E+00   0.104300E+08   0.104299E+08   0.637618E+02
   0.105231E-03   0.192434E+08   0.192433E+08   0.239448E+08   0.238952E+08   0.000000E+00   0.192434E+08   0.192434E+08   0.192508E+08  -0.435566E+00   0.104334E+08   0.104334E+08   0.702201E+02
   0.116232E-03   0.192496E+08   0.192495E+08   0.235891E+08   0.235293E+08   0.000000E+00   0.192496E+08   0.192496E+08   0.192569E+08  -0.436316E+00   0.104376E+08   0.104376E+08   0.772827E+02
   0.128383E-03   0.192571E+08   0.192570E+08   0.231612E+08   0.230893E+08   0.000000E+00   0.192571E+08   0.192571E+08   0.192643E+08  -0.437227E+00   0.104427E+08   0.104427E+08   0.849890E+02
   0.141805E-03   0.192663E+08   0.192661E+08   0.226483E+08   0.225619E+08   0.000000E+00   0.192662E+08   0.192662E+08   0.192733E+08  -0.438331E+00   0.104489E+08   0.104488E+08   0.933748E+02
   0.156630E-03   0.192773E+08   0.192771E+08   0.220358E+08   0.219324E+08   0.000000E+00   0.192773E+08   0.192773E+08   0.192841E+08  -0.439669E+00   0.104564E+08   0.104563E+08   0.102470E+03
   0.173005E-03   0.192907E+08   0.192905E+08   0.213077E+08   0.211845E+08   0.000000E+00   0.192907E+08   0.192907E+08   0.192973E+08  -0.441288E+00   0.104654E+08   0.104654E+08   0.112293E+03
   0.191092E-03   0.193069E+08   0.193067E+08   0.204473E+08   0.203014E+08   0.000000E+00   0.193069E+08   0.193069E+08   0.193132E+08  -0.443243E+00   0.104763E+08   0.104763E+08   0.122848E+03
   0.211069E-03   0.193265E+08   0.193262E+08   0.194380E+08   0.192663E+08   0.000000E+00   0.193264E+08   0.193264E+08   0.193324E+08  -0.445597E+00   0.104895E+08   0.104894E+08   0.134121E+03
   0.233136E-03   0.193500E+08   0.193496E+08   0.182645E+08   0.180640E+08   0.000000E+00   0.193499E+08   0.193499E+08   0.193556E+08  -0.448426E+00   0.105053E+08   0.105052E+08   0.146066E+03
   0.257509E-03   0.193782E+08   0.193778E+08   0.169149E+08   0.166832E+08   0.000000E+00   0.193782E+08   0.193782E+08   0.193834E+08  -0.451812E+00   0.105242E+08   0.105241E+08   0.158602E+03
   0.284430E-03   0.194120E+08   0.194115E+08   0.153841E+08   0.151195E+08   0.000000E+00   0.194119E+08   0.194119E+08   0.194167E+08  -0.455851E+00   0.105467E+08   0.105466E+08   0.171600E+03
   0.314165E-03   0.194522E+08   0.194516E+08   0.136769E+08   0.133795E+08   0.000000E+00   0.194521E+08   0.194521E+08   0.194563E+08  -0.460643E+00   0.105734E+08   0.105732E+08   0.184873E+03
   0.347010E-03   0.194999E+08   0.194991E+08   0.118135E+08   0.114853E+08   0.000000E+00   0.194997E+08   0.194997E+08   0.195034E+08  -0.466297E+00   0.106049E+08   0.106047E+08   0.198165E+03
   0.383288E-03   0.195559E+08   0.195549E+08   0.983358E+07   0.948015E+07   0.000000E+00   0.195557E+08   0.195557E+08   0.195587E+08  -0.472921E+00   0.106417E+08   0.106414E+08   0.211145E+03
   0.423358E-03   0.196213E+08   0.196202E+08   0.780123E+07   0.743186E+07   0.000000E+00   0.196211E+08   0.196211E+08   0.196235E+08  -0.480616E+00   0.106843E+08   0.106840E+08   0.223404E+03
   0.467618E-03   0.196970E+08   0.196957E+08   0.580584E+07   0.543436E+07   0.000000E+00   0.196968E+08   0.196968E+08   0.196985E+08  -0.489466E+00   0.107331E+08   0.107328E+08   0.234461E+03
   0.516505E-03   0.197836E+08   0.197820E+08   0.395834E+07   0.360281E+07   0.000000E+00   0.197833E+08   0.197833E+08   0.197845E+08  -0.499525E+00   0.107884E+08   0.107881E+08   0.243786E+03
   0.570503E-03   0.198812E+08   0.198794E+08   0.237833E+07   0.205956E+07   0.000000E+00   0.198809E+08   0.198809E+08   0.198816E+08  -0.510804E+00   0.108500E+08   0.108496E+08   0.250840E+03
   0.630146E-03   0.199895E+08   0.199874E+08   0.117060E+07   0.908942E+06   0.000000E+00   0.199892E+08   0.199892E+08   0.199895E+08  -0.523252E+00   0.109174E+08   0.109170E+08   0.255129E+03
   0.696025E-03   0.201074E+08   0.201050E+08   0.392391E+06   0.202873E+06   0.000000E+00   0.201070E+08   0.201070E+08   0.201071E+08  -0.536751E+00   0.109896E+08   0.109891E+08   0.256272E+03
   0.768790E-03   0.202327E+08   0.202300E+08   0.211706E+05  -0.921353E+05   0.000000E+00   0.202322E+08   0.202322E+08   0.202322E+08  -0.551114E+00   0.110651E+08   0.110645E+08   0.254068E+03
   0.849163E-03   0.203622E+08   0.203592E+08  -0.581157E+05  -0.105994E+06   0.000000E+00   0.203617E+08   0.203617E+08   0.203617E+08  -0.566096E+00   0.111418E+08   0.111412E+08   0.248529E+03
   0.937938E-03   0.204919E+08   0.204885E+08  -0.227386E+05  -0.295977E+05   0.000000E+00   0.204913E+08   0.204913E+08   0.204913E+08  -0.581435E+00   0.112175E+08   0.112168E+08   0.239869E+03
   0.103599E-02   0.206169E+08   0.206133E+08  -0.309725E+05  -0.260956E+05   0.000000E+00   0.206163E+08   0.206163E+08   0.206163E+08  -0.596890E+00   0.112900E+08   0.112893E+08   0.228434E+03
   0.114430E-02   0.207323E+08   0.207284E+08  -0.127137E+06  -0.130802E+06   0.000000E+00   0.207317E+08   0.207317E+08   0.207316E+08  -0.612292E+00   0.113572E+08   0.113565E+08   0.214631E+03
   0.126393E-02   0.208336E+08   0.208295E+08  -0.220966E+06  -0.234552E+06   0.000000E+00   0.208329E+08   0.208329E+08   0.208328E+08  -0.627566E+00   0.114180E+08   0.114173E+08   0.198903E+03
   0.139607E-02   0.209170E+08   0.209128E+08  -0.205971E+06  -0.216240E+06   0.000000E+00   0.209163E+08   0.209163E+08   0.209163E+08  -0.642710E+00   0.114716E+08   0.114708E+08   0.181812E+03
   0.154202E-02   0.209803E+08   0.209760E+08  -0.118504E+06  -0.439742E+06   0.000000E+00   0.209795E+08   0.209795E+08   0.209795E+08  -0.657731E+00   0.115177E+08   0.115170E+08   0.164128E+03
   0.170323E-02   0.210217E+08   0.210174E+08  -0.937367E+05  -0.285665E+06   0.000000E+00   0.210210E+08   0.210210E+08   0.210209E+08  -0.672603E+00   0.115559E+08   0.115551E+08   0.146759E+03
   0.188130E-02   0.210404E+08   0.210362E+08  -0.123863E+06  -0.173936E+06   0.000000E+00   0.210397E+08   0.210397E+08   0.210397E+08  -0.687213E+00   0.115855E+08   0.115847E+08   0.130527E+03
   0.207798E-02   0.210357E+08   0.210314E+08  -0.838533E+05  -0.942414E+05   0.000000E+00   0.210350E+08   0.210350E+08   0.210349E+08  -0.701402E+00   0.116056E+08   0.116048E+08   0.116026E+03
   0.229522E-02   0.210067E+08   0.210024E+08  -0.360035E+05  -0.386650E+05   0.000000E+00   0.210060E+08   0.210060E+08   0.210060E+08  -0.714985E+00   0.116151E+08   0.116144E+08   0.103620E+03
   0.253517E-02   0.209527E+08   0.209483E+08  -0.445620E+05  -0.111234E+04   0.000000E+00   0.209520E+08   0.209520E+08   0.209520E+08  -0.727752E+00   0.116127E+08   0.116120E+08   0.932889E+02
   0.280021E-02   0.208729E+08   0.208683E+08  -0.135129E+05   0.231114E+05   0.000000E+00   0.208721E+08   0.208721E+08   0.208721E+08  -0.739483E+00   0.115973E+08   0.115966E+08   0.845661E+02
   0.309295E-02   0.207664E+08   0.207616E+08  -0.126226E+05   0.376345E+05   0.000000E+00   0.207656E+08   0.207656E+08   0.207656E+08  -0.749963E+00   0.115674E+08   0.115667E+08   0.768179E+02
   0.341631E-02   0.206322E+08   0.206271E+08  -0.412664E+03   0.452352E+05   0.000000E+00   0.206313E+08   0.206313E+08   0.206313E+08  -0.758986E+00   0.115219E+08   0.115212E+08   0.694987E+02
   0.377346E-02   0.204694E+08   0.204641E+08  -0.130878E+04   0.480255E+05   0.000000E+00   0.204685E+08   0.204685E+08   0.204685E+08  -0.766357E+00   0.114597E+08   0.114590E+08   0.624755E+02
   0.416796E-02   0.202770E+08   0.202713E+08   0.132677E+05   0.475890E+05   0.000000E+00   0.202761E+08   0.202761E+08   0.202761E+08  -0.771898E+00   0.113796E+08   0.113789E+08   0.559908E+02
   0.460369E-02   0.200540E+08   0.200479E+08   0.165106E+05   0.450969E+05   0.000000E+00   0.200529E+08   0.200529E+08   0.200530E+08  -0.775444E+00   0.112805E+08   0.112798E+08   0.503116E+02
   0.508499E-02   0.197992E+08   0.197926E+08   0.126211E+05   0.413991E+05   0.000000E+00   0.197981E+08   0.197981E+08   0.197981E+08  -0.776850E+00   0.111617E+08   0.111610E+08   0.453630E+02
   0.561659E-02   0.195117E+08   0.195045E+08   0.142165E+05   0.370990E+05   0.000000E+00   0.195105E+08   0.195105E+08   0.195105E+08  -0.775990E+00   0.110221E+08   0.110214E+08   0.408463E+02
   0.620378E-02   0.191904E+08   0.191825E+08   0.118801E+05   0.326133E+05   0.000000E+00   0.191891E+08   0.191891E+08   0.191891E+08  -0.772760E+00   0.108611E+08   0.108605E+08   0.366711E+02
   0.685235E-02   0.188342E+08   0.188253E+08   0.120770E+05   0.282184E+05   0.000000E+00   0.188327E+08   0.188327E+08   0.188327E+08  -0.767073E+00   0.106780E+08   0.106773E+08   0.329678E+02
   0.756873E-02   0.184419E+08   0.184320E+08   0.120615E+05   0.240875E+05   0.000000E+00   0.184402E+08   0.184402E+08   0.184402E+08  -0.758865E+00   0.104719E+08   0.104713E+08   0.296874E+02
   0.835999E-02   0.180124E+08   0.180013E+08   0.120667E+05   0.203194E+05   0.000000E+00   0.180106E+08   0.180106E+08   0.180106E+08  -0.748088E+00   0.102424E+08   0.102418E+08   0.267103E+02
   0.923399E-02   0.175447E+08   0.175321E+08   0.942111E+04   0.169602E+05   0.000000E+00   0.175425E+08   0.175425E+08   0.175425E+08  -0.734714E+00   0.998890E+07   0.998823E+07   0.240646E+02
   0.101994E-01   0.170374E+08   0.170231E+08   0.945479E+04   0.140201E+05   0.000000E+00   0.170350E+08   0.170350E+08   0.170350E+08  -0.718729E+00   0.971074E+07   0.971008E+07   0.217045E+02
   0.112656E-01   0.164896E+08   0.164732E+08   0.706728E+04   0.114856E+05   0.000000E+00   0.164869E+08   0.164869E+08   0.164869E+08  -0.700131E+00   0.940749E+07   0.940682E+07   0.196003E+02
   0.124434E-01   0.159002E+08   0.158815E+08   0.623788E+04   0.932889E+04   0.000000E+00   0.158971E+08   0.158971E+08   0.158971E+08  -0.678934E+00   0.907870E+07   0.907804E+07   0.177289E+02
   0.137443E-01   0.152685E+08   0.152470E+08   0.517325E+04   0.751442E+04   0.000000E+00   0.152649E+08   0.152649E+08   0.152649E+08  -0.655167E+00   0.872408E+07   0.872342E+07   0.160628E+02
   0.151812E-01   0.145940E+08   0.145694E+08   0.474367E+04   0.600332E+04   0.000000E+00   0.145898E+08   0.145898E+08   0.145898E+08  -0.628882E+00   0.834359E+07   0.834293E+07   0.145751E+02
   0.167683E-01   0.138994E+08   0.138714E+08   0.348830E+04   0.476431E+04   0.000000E+00   0.138947E+08   0.138947E+08   0.138947E+08  -0.601128E+00   0.795036E+07   0.794970E+07   0.132564E+02
   0.185213E-01   0.131450E+08   0.131134E+08   0.273000E+04   0.374464E+04   0.000000E+00   0.131397E+08   0.131397E+08   0.131397E+08  -0.570259E+00   0.752185E+07   0.752118E+07   0.120507E+02
   0.204576E-01   0.123532E+08   0.123178E+08   0.229025E+04   0.291810E+04   0.000000E+00   0.123473E+08   0.123473E+08   0.123473E+08  -0.537308E+00   0.707100E+07   0.707033E+07   0.109459E+02
   0.225964E-01   0.115137E+08   0.114744E+08   0.183079E+04   0.225101E+04   0.000000E+00   0.115072E+08   0.115072E+08   0.115072E+08  -0.501889E+00   0.659206E+07   0.659139E+07   0.990809E+01
   0.249587E-01   0.106647E+08   0.106217E+08   0.146736E+04   0.172283E+04   0.000000E+00   0.106575E+08   0.106575E+08   0.106575E+08  -0.465721E+00   0.610699E+07   0.610632E+07   0.892540E+01
   0.275680E-01   0.981428E+07   0.976832E+07   0.105724E+04   0.130827E+04   0.000000E+00   0.980656E+07   0.980656E+07   0.980657E+07  -0.429230E+00   0.562072E+07   0.562006E+07   0.797176E+01
   0.304501E-01   0.896236E+07   0.891434E+07   0.835483E+03   0.984696E+03   0.000000E+00   0.895430E+07   0.895430E+07   0.895430E+07  -0.392456E+00   0.513323E+07   0.513259E+07   0.702095E+01
   0.336335E-01   0.813382E+07   0.808519E+07   0.621898E+03   0.735873E+03   0.000000E+00   0.812565E+07   0.812565E+07   0.812565E+07  -0.356539E+00   0.465895E+07   0.465834E+07   0.606340E+01
   0.371497E-01   0.736006E+07   0.731269E+07   0.471927E+03   0.547874E+03   0.000000E+00   0.735210E+07   0.735210E+07   0.735210E+07  -0.322900E+00   0.421599E+07   0.421542E+07   0.510184E+01
   0.410335E-01   0.665987E+07   0.661593E+07   0.356931E+03   0.407649E+03   0.000000E+00   0.665249E+07   0.665249E+07   0.665249E+07  -0.292401E+00   0.381522E+07   0.381471E+07   0.414992E+01
   0.451368E-01   0.607091E+07   0.603226E+07   0.513429E+03   0.307907E+03   0.000000E+00   0.606442E+07   0.606442E+07   0.606442E+07  -0.266719E+00   0.347826E+07   0.347782E+07   0.327590E+01
   0.492402E-01   0.561263E+07   0.558011E+07   0.399389E+03   0.239690E+03   0.000000E+00   0.560717E+07   0.560717E+07   0.560717E+07  -0.246726E+00   0.321622E+07   0.321584E+07   0.254756E+01
   0.533435E-01   0.524500E+07   0.521859E+07   0.318368E+03   0.191174E+03   0.000000E+00   0.524056E+07   0.524056E+07   0.524056E+07  -0.230681E+00   0.300609E+07   0.300577E+07   0.196804E+01
   0.574468E-01   0.493606E+07   0.491502E+07   0.258576E+03   0.155340E+03   0.000000E+00   0.493252E+07   0.493252E+07   0.493252E+07  -0.217187E+00   0.282950E+07   0.282924E+07   0.153259E+01
   0.615502E-01   0.465967E+07   0.464275E+07   0.212792E+03   0.127882E+03   0.000000E+00   0.465683E+07   0.465683E+07   0.465683E+07  -0.205097E+00   0.267144E+07   0.267121E+07   0.122724E+01
   0.656535E-01   0.439792E+07   0.438361E+07   0.176621E+03   0.106175E+03   0.000000E+00   0.439552E+07   0.439552E+07   0.439552E+07  -0.193627E+00   0.252160E+07   0.252140E+07   0.103077E+01
   0.697569E-01   0.413970E+07   0.412655E+07   0.147331E+03   0.885901E+02   0.000000E+00   0.413749E+07   0.413749E+07   0.413749E+07  -0.182290E+00   0.237364E+07   0.237344E+07   0.917307E+00
   0.738602E-01   0.388803E+07   0.387482E+07   0.123466E+03   0.742553E+02   0.000000E+00   0.388582E+07   0.388582E+07   0.388582E+07  -0.171226E+00   0.222930E+07   0.222911E+07   0.860878E+00
   0.779636E-01   0.363118E+07   0.361711E+07   0.103514E+03   0.622667E+02   0.000000E+00   0.362882E+07   0.362882E+07   0.362882E+07  -0.159920E+00   0.208190E+07   0.208170E+07   0.833931E+00
   0.820669E-01   0.338231E+07   0.336704E+07   0.870308E+02   0.523597E+02   0.000000E+00   0.337974E+07   0.337974E+07   0.337974E+07  -0.148958E+00   0.193903E+07   0.193883E+07   0.816937E+00
   0.861703E-01   0.314914E+07   0.313275E+07   0.735050E+02   0.442281E+02   0.000000E+00   0.314638E+07   0.314638E+07   0.314638E+07  -0.138685E+00   0.180517E+07   0.180496E+07   0.795108E+00
   0.912975E-01   0.289037E+07   0.287324E+07   0.601069E+02   0.361715E+02   0.000000E+00   0.288749E+07   0.288749E+07   0.288749E+07  -0.127286E+00   0.165666E+07   0.165646E+07   0.748757E+00
   0.964247E-01   0.267616E+07   0.265929E+07   0.498979E+02   0.300314E+02   0.000000E+00   0.267333E+07   0.267333E+07   0.267333E+07  -0.117854E+00   0.153380E+07   0.153361E+07   0.678177E+00
   0.101552E+00   0.250797E+07   0.249237E+07   0.421671E+02   0.253811E+02   0.000000E+00   0.250535E+07   0.250535E+07   0.250535E+07  -0.110456E+00   0.143744E+07   0.143726E+07   0.589787E+00
   0.106679E+00   0.237875E+07   0.236514E+07   0.362511E+02   0.218220E+02   0.000000E+00   0.237647E+07   0.237647E+07   0.237647E+07  -0.104780E+00   0.136350E+07   0.136334E+07   0.495426E+00
   0.111806E+00   0.227605E+07   0.226468E+07   0.315857E+02   0.190150E+02   0.000000E+00   0.227414E+07   0.227414E+07   0.227414E+07  -0.100273E+00   0.130480E+07   0.130466E+07   0.407645E+00
   0.116934E+00   0.218632E+07   0.217700E+07   0.277448E+02   0.167038E+02   0.000000E+00   0.218476E+07   0.218476E+07   0.218476E+07  -0.963365E-01   0.125352E+07   0.125340E+07   0.336088E+00
   0.122061E+00   0.209817E+07   0.209033E+07   0.244409E+02   0.147155E+02   0.000000E+00   0.209686E+07   0.209686E+07   0.209686E+07  -0.924641E-01   0.120309E+07   0.120299E+07   0.285492E+00
   0.127188E+00   0.200458E+07   0.199750E+07   0.215086E+02   0.129506E+02   0.000000E+00   0.200339E+07   0.200339E+07   0.200339E+07  -0.883453E-01   0.114947E+07   0.114937E+07   0.255461E+00
   0.132315E+00   0.190393E+07   0.189695E+07   0.188771E+02   0.113667E+02   0.000000E+00   0.190276E+07   0.190276E+07   0.190276E+07  -0.839103E-01   0.109174E+07   0.109164E+07   0.241603E+00
   0.137443E+00   0.179891E+07   0.179156E+07   0.165299E+02   0.995370E+01   0.000000E+00   0.179768E+07   0.179768E+07   0.179768E+07  -0.792783E-01   0.103145E+07   0.103135E+07   0.237355E+00
   0.142570E+00   0.169430E+07   0.168639E+07   0.144683E+02   0.871265E+01   0.000000E+00   0.169297E+07   0.169297E+07   0.169297E+07  -0.746625E-01   0.971376E+06   0.971275E+06   0.235943E+00
   0.147697E+00   0.159573E+07   0.158736E+07   0.126964E+02   0.764584E+01   0.000000E+00   0.159432E+07   0.159432E+07   0.159432E+07  -0.703136E-01   0.914780E+06   0.914678E+06   0.232040E+00
   0.152824E+00   0.150865E+07   0.150010E+07   0.112113E+02   0.675172E+01   0.000000E+00   0.150721E+07   0.150721E+07   0.150721E+07  -0.664729E-01   0.864800E+06   0.864698E+06   0.222710E+00
   0.157952E+00   0.143625E+07   0.142790E+07   0.999182E+01   0.601748E+01   0.000000E+00   0.143485E+07   0.143485E+07   0.143485E+07  -0.632828E-01   0.823285E+06   0.823186E+06   0.207507E+00
   0.163079E+00   0.137808E+07   0.137028E+07   0.899438E+01   0.541691E+01   0.000000E+00   0.137677E+07   0.137677E+07   0.137677E+07  -0.607223E-01   0.789962E+06   0.789870E+06   0.187925E+00
   0.168206E+00   0.133088E+07   0.132384E+07   0.816566E+01   0.491790E+01   0.000000E+00   0.132970E+07   0.132970E+07   0.132970E+07  -0.586468E-01   0.762951E+06   0.762867E+06   0.166568E+00
   0.173333E+00   0.129056E+07   0.128435E+07   0.745762E+01   0.449156E+01   0.000000E+00   0.128951E+07   0.128951E+07   0.128951E+07  -0.568753E-01   0.739896E+06   0.739820E+06   0.146262E+00
   0.178460E+00   0.125315E+07   0.124768E+07   0.683207E+01   0.411487E+01   0.000000E+00   0.125223E+07   0.125223E+07   0.125223E+07  -0.552314E-01   0.718502E+06   0.718433E+06   0.129262E+00
   0.183588E+00   0.121506E+07   0.121013E+07   0.626010E+01   0.377045E+01   0.000000E+00   0.121424E+07   0.121424E+07   0.121424E+07  -0.535562E-01   0.696703E+06   0.696639E+06   0.116750E+00
   0.188715E+00   0.117397E+07   0.116931E+07   0.572443E+01   0.344786E+01   0.000000E+00   0.117319E+07   0.117319E+07   0.117319E+07  -0.517463E-01   0.673152E+06   0.673090E+06   0.108749E+00
   0.193842E+00   0.112962E+07   0.112502E+07   0.522068E+01   0.314450E+01   0.000000E+00   0.112885E+07   0.112885E+07   0.112885E+07  -0.497912E-01   0.647713E+06   0.647653E+06   0.104356E+00
   0.198969E+00   0.108355E+07   0.107883E+07   0.475286E+01   0.286276E+01   0.000000E+00   0.108276E+07   0.108276E+07   0.108276E+07  -0.477585E-01   0.621267E+06   0.621207E+06   0.102145E+00
   0.204097E+00   0.103788E+07   0.103300E+07   0.432649E+01   0.260598E+01   0.000000E+00   0.103706E+07   0.103706E+07   0.103706E+07  -0.457432E-01   0.595048E+06   0.594986E+06   0.100582E+00
   0.209224E+00   0.994651E+06   0.989644E+06   0.394540E+01   0.237647E+01   0.000000E+00   0.993810E+06   0.993810E+06   0.993810E+06  -0.438359E-01   0.570233E+06   0.570171E+06   0.984124E-01
   0.214351E+00   0.955564E+06   0.950533E+06   0.361112E+01   0.217514E+01   0.000000E+00   0.954719E+06   0.954719E+06   0.954719E+06  -0.421119E-01   0.547804E+06   0.547743E+06   0.949095E-01
   0.219478E+00   0.921625E+06   0.916704E+06   0.332204E+01   0.200104E+01   0.000000E+00   0.920798E+06   0.920798E+06   0.920798E+06  -0.406159E-01   0.528341E+06   0.528282E+06   0.899363E-01
   0.224606E+00   0.892794E+06   0.888104E+06   0.307297E+01   0.185102E+01   0.000000E+00   0.892007E+06   0.892007E+06   0.892007E+06  -0.393462E-01   0.511821E+06   0.511765E+06   0.838412E-01
   0.229733E+00   0.868080E+06   0.863700E+06   0.285617E+01   0.172044E+01   0.000000E+00   0.867344E+06   0.867344E+06   0.867344E+06  -0.382585E-01   0.497670E+06   0.497617E+06   0.772621E-01
   0.234860E+00   0.846008E+06   0.841960E+06   0.266350E+01   0.160440E+01   0.000000E+00   0.845328E+06   0.845328E+06   0.845328E+06  -0.372876E-01   0.485038E+06   0.484988E+06   0.709078E-01
   0.239987E+00   0.825054E+06   0.821307E+06   0.248786E+01   0.149861E+01   0.000000E+00   0.824425E+06   0.824425E+06   0.824425E+06  -0.363657E-01   0.473044E+06   0.472997E+06   0.653644E-01
   0.245114E+00   0.803939E+06   0.800422E+06   0.232393E+01   0.139987E+01   0.000000E+00   0.803348E+06   0.803348E+06   0.803348E+06  -0.354362E-01   0.460951E+06   0.460906E+06   0.609680E-01
   0.250242E+00   0.781908E+06   0.778532E+06   0.216862E+01   0.130633E+01   0.000000E+00   0.781341E+06   0.781341E+06   0.781341E+06  -0.344656E-01   0.448323E+06   0.448280E+06   0.577660E-01
   0.255369E+00   0.758885E+06   0.755567E+06   0.202110E+01   0.121747E+01   0.000000E+00   0.758328E+06   0.758328E+06   0.758328E+06  -0.334506E-01   0.435119E+06   0.435076E+06   0.555605E-01
   0.260496E+00   0.735347E+06   0.732030E+06   0.188205E+01   0.113372E+01   0.000000E+00   0.734790E+06   0.734790E+06   0.734790E+06  -0.324125E-01   0.421614E+06   0.421571E+06   0.540003E-01
   0.265623E+00   0.712024E+06   0.708684E+06   0.175264E+01   0.105577E+01   0.000000E+00   0.711463E+06   0.711463E+06   0.711463E+06  -0.313836E-01   0.408229E+06   0.408187E+06   0.526905E-01
   0.270751E+00   0.689654E+06   0.686301E+06   0.163386E+01   0.984219E+00   0.000000E+00   0.689091E+06   0.689091E+06   0.689091E+06  -0.303968E-01   0.395393E+06   0.395351E+06   0.512920E-01
   0.275878E+00   0.668862E+06   0.665528E+06   0.152623E+01   0.919390E+00   0.000000E+00   0.668302E+06   0.668302E+06   0.668302E+06  -0.294799E-01   0.383465E+06   0.383424E+06   0.495919E-01
   0.281005E+00   0.650034E+06   0.646762E+06   0.142963E+01   0.861204E+00   0.000000E+00   0.649484E+06   0.649484E+06   0.649484E+06  -0.286499E-01   0.372667E+06   0.372627E+06   0.475287E-01
   0.286132E+00   0.633202E+06   0.630037E+06   0.134317E+01   0.809123E+00   0.000000E+00   0.632671E+06   0.632671E+06   0.632671E+06  -0.279083E-01   0.363020E+06   0.362981E+06   0.451736E-01
   0.291260E+00   0.618047E+06   0.615017E+06   0.126530E+01   0.762219E+00   0.000000E+00   0.617538E+06   0.617538E+06   0.617538E+06  -0.272409E-01   0.354337E+06   0.354300E+06   0.426835E-01
   0.296387E+00   0.604042E+06   0.601156E+06   0.119424E+01   0.719417E+00   0.000000E+00   0.603557E+06   0.603557E+06   0.603557E+06  -0.266242E-01   0.346315E+06   0.346279E+06   0.402445E-01
   0.301514E+00   0.590649E+06   0.587900E+06   0.112842E+01   0.679769E+00   0.000000E+00   0.590188E+06   0.590188E+06   0.590188E+06  -0.260345E-01   0.338644E+06   0.338609E+06   0.380210E-01
   0.306641E+00   0.577441E+06   0.574804E+06   0.106662E+01   0.642542E+00   0.000000E+00   0.576999E+06   0.576999E+06   0.576999E+06  -0.254527E-01   0.331076E+06   0.331043E+06   0.361183E-01
   0.311769E+00   0.564134E+06   0.561578E+06   0.100807E+01   0.607271E+00   0.000000E+00   0.563705E+06   0.563705E+06   0.563705E+06  -0.248664E-01   0.323448E+06   0.323416E+06   0.345656E-01
   0.316896E+00   0.550621E+06   0.548118E+06   0.952340E+00   0.573701E+00   0.000000E+00   0.550201E+06   0.550201E+06   0.550201E+06  -0.242707E-01   0.315700E+06   0.315668E+06   0.333216E-01
   0.322023E+00   0.537004E+06   0.534531E+06   0.899440E+00   0.541833E+00   0.000000E+00   0.536589E+06   0.536589E+06   0.536589E+06  -0.236703E-01   0.307890E+06   0.307858E+06   0.322978E-01
   0.327150E+00   0.523543E+06   0.521088E+06   0.849617E+00   0.511822E+00   0.000000E+00   0.523131E+06   0.523131E+06   0.523131E+06  -0.230767E-01   0.300168E+06   0.300137E+06   0.313883E-01
   0.332277E+00   0.510528E+06   0.508092E+06   0.803121E+00   0.483815E+00   0.000000E+00   0.510119E+06   0.510119E+06   0.510119E+06  -0.225028E-01   0.292702E+06   0.292671E+06   0.304963E-01
   0.337405E+00   0.498170E+06   0.495762E+06   0.760041E+00   0.457865E+00   0.000000E+00   0.497766E+06   0.497766E+06   0.497766E+06  -0.219580E-01   0.285614E+06   0.285584E+06   0.295534E-01
   0.342532E+00   0.486582E+06   0.484215E+06   0.720304E+00   0.433928E+00   0.000000E+00   0.486185E+06   0.486185E+06   0.486185E+06  -0.214471E-01   0.278969E+06   0.278939E+06   0.285307E-01
   0.347659E+00   0.475793E+06   0.473482E+06   0.683714E+00   0.411886E+00   0.000000E+00   0.475405E+06   0.475405E+06   0.475405E+06  -0.209716E-01   0.272783E+06   0.272755E+06   0.274376E-01
   0.352786E+00   0.465743E+06   0.463498E+06   0.649968E+00   0.391558E+00   0.000000E+00   0.465366E+06   0.465366E+06   0.465366E+06  -0.205288E-01   0.267023E+06   0.266995E+06   0.263117E-01
   0.357914E+00   0.456277E+06   0.454102E+06   0.618653E+00   0.372694E+00   0.000000E+00   0.455912E+06   0.455912E+06   0.455912E+06  -0.201118E-01   0.261598E+06   0.261571E+06   0.252025E-01
   0.363041E+00   0.447192E+06   0.445086E+06   0.589337E+00   0.355034E+00   0.000000E+00   0.446838E+06   0.446838E+06   0.446838E+06  -0.197115E-01   0.256392E+06   0.256366E+06   0.241566E-01
   0.368168E+00   0.438316E+06   0.436272E+06   0.561666E+00   0.338364E+00   0.000000E+00   0.437973E+06   0.437973E+06   0.437973E+06  -0.193204E-01   0.251305E+06   0.251279E+06   0.232073E-01
   0.373295E+00   0.429543E+06   0.427550E+06   0.535407E+00   0.322542E+00   0.000000E+00   0.429208E+06   0.429208E+06   0.429208E+06  -0.189337E-01   0.246276E+06   0.246251E+06   0.223688E-01
   0.378422E+00   0.420825E+06   0.418872E+06   0.510420E+00   0.307489E+00   0.000000E+00   0.420497E+06   0.420497E+06   0.420497E+06  -0.185494E-01   0.241278E+06   0.241253E+06   0.216350E-01
   0.383550E+00   0.412167E+06   0.410246E+06   0.486648E+00   0.293170E+00   0.000000E+00   0.411845E+06   0.411845E+06   0.411845E+06  -0.181678E-01   0.236313E+06   0.236289E+06   0.209841E-01
   0.388677E+00   0.403636E+06   0.401741E+06   0.464091E+00   0.279586E+00   0.000000E+00   0.403318E+06   0.403318E+06   0.403318E+06  -0.177919E-01   0.231421E+06   0.231397E+06   0.203873E-01
   0.393804E+00   0.395324E+06   0.393454E+06   0.442771E+00   0.266741E+00   0.000000E+00   0.395010E+06   0.395010E+06   0.395010E+06  -0.174254E-01   0.226654E+06   0.226630E+06   0.198160E-01
   0.398931E+00   0.387310E+06   0.385465E+06   0.422704E+00   0.254648E+00   0.000000E+00   0.387000E+06   0.387000E+06   0.387000E+06  -0.170718E-01   0.222058E+06   0.222035E+06   0.192479E-01
   0.404059E+00   0.379637E+06   0.377822E+06   0.403889E+00   0.243316E+00   0.000000E+00   0.379333E+06   0.379333E+06   0.379333E+06  -0.167337E-01   0.217658E+06   0.217636E+06   0.186704E-01
   0.409186E+00   0.372324E+06   0.370543E+06   0.386251E+00   0.232694E+00   0.000000E+00   0.372025E+06   0.372025E+06   0.372025E+06  -0.164115E-01   0.213465E+06   0.213443E+06   0.180823E-01
   0.414313E+00   0.365359E+06   0.363616E+06   0.369692E+00   0.222713E+00   0.000000E+00   0.365066E+06   0.365066E+06   0.365066E+06  -0.161043E-01   0.209472E+06   0.209451E+06   0.174910E-01
   0.419440E+00   0.358698E+06   0.356994E+06   0.354141E+00   0.213348E+00   0.000000E+00   0.358412E+06   0.358412E+06   0.358412E+06  -0.158109E-01   0.205654E+06   0.205633E+06   0.169090E-01
   0.424568E+00   0.352271E+06   0.350606E+06   0.339453E+00   0.204501E+00   0.000000E+00   0.351992E+06   0.351992E+06   0.351992E+06  -0.155278E-01   0.201970E+06   0.201949E+06   0.163494E-01
   0.429695E+00   0.346017E+06   0.344389E+06   0.325506E+00   0.196094E+00   0.000000E+00   0.345743E+06   0.345743E+06   0.345743E+06  -0.152519E-01   0.198385E+06   0.198365E+06   0.158225E-01
   0.434822E+00   0.339892E+06   0.338298E+06   0.312265E+00   0.188124E+00   0.000000E+00   0.339625E+06   0.339625E+06   0.339625E+06  -0.149823E-01   0.194874E+06   0.194854E+06   0.153343E-01
   0.439949E+00   0.333873E+06   0.332308E+06   0.299615E+00   0.180498E+00   0.000000E+00   0.333610E+06   0.333610E+06   0.333610E+06  -0.147167E-01   0.191423E+06   0.191403E+06   0.148847E-01
   0.445077E+00   0.327946E+06   0.326407E+06   0.287564E+00   0.173242E+00   0.000000E+00   0.327687E+06   0.327687E+06   0.327687E+06  -0.144557E-01   0.188025E+06   0.188005E+06   0.144690E-01
   0.450204E+00   0.322120E+06   0.320605E+06   0.276053E+00   0.166305E+00   0.000000E+00   0.321865E+06   0.321865E+06   0.321865E+06  -0.141987E-01   0.184684E+06   0.184665E+06   0.140793E-01
   0.455331E+00   0.316424E+06   0.314931E+06   0.265102E+00   0.159709E+00   0.000000E+00   0.316173E+06   0.316173E+06   0.316173E+06  -0.139477E-01   0.181418E+06   0.181399E+06   0.137073E-01
   0.460458E+00   0.310889E+06   0.309417E+06   0.254694E+00   0.153438E+00   0.000000E+00   0.310641E+06   0.310641E+06   0.310641E+06  -0.137036E-01   0.178244E+06   0.178226E+06   0.133456E-01
   0.465585E+00   0.305529E+06   0.304080E+06   0.244823E+00   0.147493E+00   0.000000E+00   0.305285E+06   0.305285E+06   0.305285E+06  -0.134674E-01   0.175171E+06   0.175153E+06   0.129894E-01
   0.470713E+00   0.300347E+06   0.298921E+06   0.235452E+00   0.141846E+00   0.000000E+00   0.300108E+06   0.300108E+06   0.300108E+06  -0.132389E-01   0.172200E+06   0.172182E+06   0.126366E-01
   0.475840E+00   0.295342E+06   0.293940E+06   0.226573E+00   0.136500E+00   0.000000E+00   0.295106E+06   0.295106E+06   0.295106E+06  -0.130185E-01   0.169330E+06   0.169313E+06   0.122879E-01
   0.480967E+00   0.290505E+06   0.289129E+06   0.218127E+00   0.131407E+00   0.000000E+00   0.290274E+06   0.290274E+06   0.290274E+06  -0.128050E-01   0.166557E+06   0.166540E+06   0.119461E-01
   0.486094E+00   0.285819E+06   0.284467E+06   0.210119E+00   0.126588E+00   0.000000E+00   0.285592E+06   0.285592E+06   0.285592E+06  -0.125989E-01   0.163871E+06   0.163854E+06   0.116148E-01
   0.491222E+00   0.281255E+06   0.279928E+06   0.202456E+00   0.121966E+00   0.000000E+00   0.281032E+06   0.281032E+06   0.281032E+06  -0.123973E-01   0.161254E+06   0.161238E+06   0.112968E-01
   0.496349E+00   0.276792E+06   0.275488E+06   0.195161E+00   0.117576E+00   0.000000E+00   0.276573E+06   0.276573E+06   0.276573E+06  -0.122010E-01   0.158696E+06   0.158680E+06   0.109941E-01
   0.501476E+00   0.272422E+06   0.271140E+06   0.188168E+00   0.113361E+00   0.000000E+00   0.272207E+06   0.272207E+06   0.272207E+06  -0.120082E-01   0.156191E+06   0.156174E+06   0.107073E-01
   0.506603E+00   0.268140E+06   0.266878E+06   0.181475E+00   0.109327E+00   0.000000E+00   0.267928E+06   0.267928E+06   0.267928E+06  -0.118193E-01   0.153735E+06   0.153720E+06   0.104357E-01
   0.511731E+00   0.263941E+06   0.262698E+06   0.175085E+00   0.105482E+00   0.000000E+00   0.263732E+06   0.263732E+06   0.263732E+06  -0.116346E-01   0.151328E+06   0.151312E+06   0.101771E-01
   0.516858E+00   0.259828E+06   0.258603E+06   0.168941E+00   0.101776E+00   0.000000E+00   0.259622E+06   0.259622E+06   0.259622E+06  -0.114529E-01   0.148970E+06   0.148954E+06   0.992905E-02
   0.521985E+00   0.255811E+06   0.254603E+06   0.163081E+00   0.982475E-01   0.000000E+00   0.255608E+06   0.255608E+06   0.255608E+06  -0.112759E-01   0.146666E+06   0.146651E+06   0.968922E-02
   0.527112E+00   0.251897E+06   0.250706E+06   0.157486E+00   0.948802E-01   0.000000E+00   0.251697E+06   0.251697E+06   0.251697E+06  -0.111037E-01   0.144422E+06   0.144407E+06   0.945580E-02
   0.532239E+00   0.248087E+06   0.246914E+06   0.152117E+00   0.916406E-01   0.000000E+00   0.247890E+06   0.247890E+06   0.247890E+06  -0.109353E-01   0.142238E+06   0.142223E+06   0.922760E-02
   0.559946E+00   0.229136E+06   0.228055E+06   0.126943E+00   0.764766E-01   0.000000E+00   0.228955E+06   0.228955E+06   0.228955E+06  -0.101002E-01   0.131373E+06   0.131359E+06   0.809230E-02
   0.593872E+00   0.208788E+06   0.207802E+06   0.102832E+00   0.619515E-01   0.000000E+00   0.208623E+06   0.208623E+06   0.208623E+06  -0.920330E-02   0.119707E+06   0.119694E+06   0.696793E-02
   0.629853E+00   0.190200E+06   0.189302E+06   0.832803E-01   0.501725E-01   0.000000E+00   0.190049E+06   0.190049E+06   0.190049E+06  -0.838394E-02   0.109049E+06   0.109038E+06   0.598967E-02
   0.879031E+00   0.111185E+06   0.110660E+06   0.249951E-01   0.150586E-01   0.000000E+00   0.111097E+06   0.111097E+06   0.111097E+06  -0.490102E-02   0.637468E+05   0.637401E+05   0.254100E-02
   0.122679E+01   0.642096E+05   0.639066E+05   0.741134E-02   0.446515E-02   0.000000E+00   0.641587E+05   0.641587E+05   0.641587E+05  -0.283041E-02   0.368140E+05   0.368101E+05   0.107781E-02
   0.171212E+01   0.366954E+05   0.365220E+05   0.263385E-02   0.176886E-02   0.000000E+00   0.366663E+05   0.366663E+05   0.366663E+05  -0.178214E-02   0.210481E+05   0.210457E+05   0.462631E-03
   0.238945E+01   0.207832E+05   0.206847E+05   0.116442E-02   0.912714E-03   0.000000E+00   0.207666E+05   0.207666E+05   0.207666E+05  -0.128787E-02   0.119271E+05   0.119256E+05   0.204627E-03
