#          k/h    CDM            baryon         photon         nu             mass_nu        total          no_nu          total_de       Weyl           v_CDM          v_b            v_b-v_c     
   0.967651E-05   0.192153E+08   0.192153E+08   0.256055E+08   0.256051E+08   0.000000E+00   0.192153E+08   0.192153E+08   0.192232E+08  -0.432145E+00   0.104143E+08   0.104143E+08   0.656381E+01
   0.106879E-04   0.192154E+08   0.192154E+08   0.256023E+08   0.256018E+08   0.000000E+00   0.192154E+08   0.192154E+08   0.192233E+08  -0.432151E+00   0.104143E+08   0.104143E+08   0.724963E+01
   0.118050E-04   0.192155E+08   0.192155E+08   0.255984E+08   0.255978E+08   0.000000E+00   0.192155E+08   0.192155E+08   0.192234E+08  -0.432159E+00   0.104144E+08   0.104144E+08   0.800706E+01
   0.130388E-04   0.192155E+08   0.192155E+08   0.255937E+08   0.255929E+08   0.000000E+00   0.192155E+08   0.192155E+08   0.192234E+08  -0.432169E+00   0.104144E+08   0.104144E+08   0.884354E+01
   0.144016E-04   0.192156E+08   0.192156E+08   0.255878E+08   0.255869E+08   0.000000E+00   0.192156E+08   0.192156E+08   0.192235E+08  -0.432180E+00   0.104145E+08   0.104145E+08   0.976731E+01
   0.159068E-04   0.192157E+08   0.192157E+08   0.255807E+08   0.255796E+08   0.000000E+00   0.192157E+08   0.192157E+08   0.192236E+08  -0.432195E+00   0.104146E+08   0.104146E+08   0.107874E+02
   0.175694E-04   0.192159E+08   0.192159E+08   0.255721E+08   0.255706E+08   0.000000E+00   0.192159E+08   0.192159E+08   0.192238E+08  -0.432212E+00   0.104147E+08   0.104147E+08   0.119139E+02
   0.194057E-04   0.192161E+08   0.192161E+08   0.255615E+08   0.255598E+08   0.000000E+00   0.192161E+08   0.192161E+08   0.192240E+08  -0.432234E+00   0.104148E+08   0.104148E+08   0.131578E+02
   0.214340E-04   0.192163E+08   0.192163E+08   0.255487E+08   0.255465E+08   0.000000E+00   0.192163E+08   0.192163E+08   0.192242E+08  -0.432260E+00   0.104149E+08   0.104149E+08   0.145313E+02
   0.236743E-04   0.192165E+08   0.192165E+08   0.255330E+08   0.255304E+08   0.000000E+00   0.192165E+08   0.192165E+08   0.192244E+08  -0.432291E+00   0.104151E+08   0.104151E+08   0.160477E+02
   0.261487E-04   0.192169E+08   0.192169E+08   0.255138E+08   0.255106E+08   0.000000E+00   0.192169E+08   0.192169E+08   0.192247E+08  -0.432330E+00   0.104153E+08   0.104153E+08   0.177217E+02
   0.288817E-04   0.192172E+08   0.192172E+08   0.254905E+08   0.254866E+08   0.000000E+00   0.192172E+08   0.192172E+08   0.192251E+08  -0.432377E+00   0.104156E+08   0.104156E+08   0.195696E+02
   0.319004E-04   0.192177E+08   0.192177E+08   0.254621E+08   0.254573E+08   0.000000E+00   0.192177E+08   0.192177E+08   0.192256E+08  -0.432435E+00   0.104159E+08   0.104159E+08   0.216091E+02
   0.352345E-04   0.192183E+08   0.192183E+08   0.254274E+08   0.254216E+08   0.000000E+00   0.192183E+08   0.192183E+08   0.192262E+08  -0.432505E+00   0.104163E+08   0.104163E+08   0.238597E+02
   0.389172E-04   0.192190E+08   0.192190E+08   0.253852E+08   0.253781E+08   0.000000E+00   0.192190E+08   0.192190E+08   0.192268E+08  -0.432591E+00   0.104168E+08   0.104168E+08   0.263427E+02
   0.429848E-04   0.192199E+08   0.192199E+08   0.253338E+08   0.253252E+08   0.000000E+00   0.192199E+08   0.192199E+08   0.192277E+08  -0.432696E+00   0.104174E+08   0.104174E+08   0.290816E+02
   0.474775E-04   0.192209E+08   0.192209E+08   0.252712E+08   0.252607E+08   0.000000E+00   0.192209E+08   0.192209E+08   0.192287E+08  -0.432823E+00   0.104181E+08   0.104181E+08   0.321018E+02
   0.524398E-04   0.192222E+08   0.192222E+08   0.251950E+08   0.251822E+08   0.000000E+00   0.192222E+08   0.192222E+08   0.192300E+08  -0.432978E+00   0.104190E+08   0.104190E+08   0.354309E+02
   0.579207E-04   0.192238E+08   0.192237E+08   0.251023E+08   0.250867E+08   0.000000E+00   0.192238E+08   0.192238E+08   0.192315E+08  -0.433167E+00   0.104200E+08   0.104200E+08   0.390990E+02
   0.639745E-04   0.192257E+08   0.192256E+08   0.249896E+08   0.249707E+08   0.000000E+00   0.192256E+08   0.192256E+08   0.192334E+08  -0.433398E+00   0.104213E+08   0.104213E+08   0.431382E+02
   0.706611E-04   0.192280E+08   0.192279E+08   0.248527E+08   0.248297E+08   0.000000E+00   0.192280E+08   0.192280E+08   0.192356E+08  -0.433679E+00   0.104229E+08   0.104229E+08   0.475834E+02
   0.780464E-04   0.192308E+08   0.192307E+08   0.246865E+08   0.246587E+08   0.000000E+00   0.192308E+08   0.192308E+08   0.192384E+08  -0.434021E+00   0.104248E+08   0.104248E+08   0.524712E+02
   0.862038E-04   0.192342E+08   0.192342E+08   0.244852E+08   0.244514E+08   0.000000E+00   0.192342E+08   0.192342E+08   0.192418E+08  -0.434438E+00   0.104271E+08   0.104271E+08   0.578404E+02
   0.952137E-04   0.192384E+08   0.192383E+08   0.242414E+08   0.242005E+08   0.000000E+00   0.192384E+08   0.192384E+08   0.192459E+08  -0.434945E+00   0.104300E+08   0.104300E+08   0.637314E+02
   0.105165E-03   0.192435E+08   0.192434E+08   0.239468E+08   0.238974E+08   0.000000E+00   0.192435E+08   0.192435E+08   0.192509E+08  -0.435561E+00   0.104334E+08   0.104334E+08   0.701852E+02
   0.116157E-03   0.192497E+08   0.192496E+08   0.235916E+08   0.235319E+08   0.000000E+00   0.192497E+08   0.192497E+08   0.192569E+08  -0.436310E+00   0.104376E+08   0.104376E+08   0.772429E+02
   0.128298E-03   0.192572E+08   0.192571E+08   0.231644E+08   0.230925E+08   0.000000E+00   0.192572E+08   0.192572E+08   0.192643E+08  -0.437219E+00   0.104427E+08   0.104427E+08   0.849438E+02
   0.141707E-03   0.192663E+08   0.192662E+08   0.226522E+08   0.225659E+08   0.000000E+00   0.192663E+08   0.192663E+08   0.192733E+08  -0.438322E+00   0.104489E+08   0.104488E+08   0.933237E+02
   0.156518E-03   0.192774E+08   0.192772E+08   0.220405E+08   0.219373E+08   0.000000E+00   0.192773E+08   0.192773E+08   0.192841E+08  -0.439659E+00   0.104564E+08   0.104563E+08   0.102412E+03
   0.172877E-03   0.192907E+08   0.192905E+08   0.213135E+08   0.211905E+08   0.000000E+00   0.192907E+08   0.192907E+08   0.192973E+08  -0.441275E+00   0.104654E+08   0.104653E+08   0.112228E+03
   0.190946E-03   0.193069E+08   0.193067E+08   0.204544E+08   0.203086E+08   0.000000E+00   0.193069E+08   0.193069E+08   0.193132E+08  -0.443227E+00   0.104763E+08   0.104762E+08   0.122777E+03
   0.210904E-03   0.193265E+08   0.193261E+08   0.194465E+08   0.192750E+08   0.000000E+00   0.193264E+08   0.193264E+08   0.193324E+08  -0.445578E+00   0.104895E+08   0.104894E+08   0.134043E+03
   0.232947E-03   0.193500E+08   0.193496E+08   0.182746E+08   0.180743E+08   0.000000E+00   0.193499E+08   0.193499E+08   0.193555E+08  -0.448402E+00   0.105052E+08   0.105051E+08   0.145981E+03
   0.257294E-03   0.193782E+08   0.193777E+08   0.169268E+08   0.166953E+08   0.000000E+00   0.193781E+08   0.193781E+08   0.193833E+08  -0.451783E+00   0.105241E+08   0.105240E+08   0.158511E+03
   0.284186E-03   0.194119E+08   0.194114E+08   0.153978E+08   0.151334E+08   0.000000E+00   0.194118E+08   0.194118E+08   0.194165E+08  -0.455815E+00   0.105466E+08   0.105465E+08   0.171504E+03
   0.313889E-03   0.194521E+08   0.194514E+08   0.136925E+08   0.133952E+08   0.000000E+00   0.194520E+08   0.194520E+08   0.194562E+08  -0.460600E+00   0.105733E+08   0.105731E+08   0.184773E+03
   0.346696E-03   0.194996E+08   0.194989E+08   0.118307E+08   0.115028E+08   0.000000E+00   0.194995E+08   0.194995E+08   0.195031E+08  -0.466246E+00   0.106047E+08   0.106045E+08   0.198064E+03
   0.382932E-03   0.195556E+08   0.195547E+08   0.985210E+07   0.949881E+07   0.000000E+00   0.195555E+08   0.195555E+08   0.195585E+08  -0.472860E+00   0.106414E+08   0.106412E+08   0.211047E+03
   0.422956E-03   0.196210E+08   0.196199E+08   0.782035E+07   0.745103E+07   0.000000E+00   0.196208E+08   0.196208E+08   0.196232E+08  -0.480544E+00   0.106840E+08   0.106837E+08   0.223312E+03
   0.467163E-03   0.196966E+08   0.196953E+08   0.582461E+07   0.545305E+07   0.000000E+00   0.196964E+08   0.196964E+08   0.196982E+08  -0.489382E+00   0.107328E+08   0.107325E+08   0.234381E+03
   0.515990E-03   0.197831E+08   0.197816E+08   0.397554E+07   0.361976E+07   0.000000E+00   0.197828E+08   0.197828E+08   0.197840E+08  -0.499429E+00   0.107881E+08   0.107877E+08   0.243725E+03
   0.569921E-03   0.198807E+08   0.198789E+08   0.239270E+07   0.207348E+07   0.000000E+00   0.198804E+08   0.198804E+08   0.198811E+08  -0.510695E+00   0.108497E+08   0.108492E+08   0.250803E+03
   0.629488E-03   0.199890E+08   0.199869E+08   0.118107E+07   0.918795E+06   0.000000E+00   0.199886E+08   0.199886E+08   0.199890E+08  -0.523131E+00   0.109171E+08   0.109166E+08   0.255121E+03
   0.695281E-03   0.201068E+08   0.201044E+08   0.398516E+06   0.208288E+06   0.000000E+00   0.201064E+08   0.201064E+08   0.201065E+08  -0.536621E+00   0.109892E+08   0.109887E+08   0.256298E+03
   0.767951E-03   0.202321E+08   0.202294E+08   0.234652E+05  -0.905094E+05   0.000000E+00   0.202317E+08   0.202317E+08   0.202317E+08  -0.550976E+00   0.110647E+08   0.110641E+08   0.254130E+03
   0.848216E-03   0.203618E+08   0.203587E+08  -0.581356E+05  -0.106483E+06   0.000000E+00   0.203613E+08   0.203613E+08   0.203612E+08  -0.565954E+00   0.111415E+08   0.111409E+08   0.248628E+03
   0.936871E-03   0.204916E+08   0.204883E+08  -0.231028E+05  -0.301220E+05   0.000000E+00   0.204911E+08   0.204911E+08   0.204910E+08  -0.581292E+00   0.112173E+08   0.112166E+08   0.240002E+03
   0.103479E-02   0.206169E+08   0.206133E+08  -0.303554E+05  -0.253524E+05   0.000000E+00   0.206163E+08   0.206163E+08   0.206163E+08  -0.596750E+00   0.112899E+08   0.112892E+08   0.228599E+03
   0.114295E-02   0.207327E+08   0.207288E+08  -0.125807E+06  -0.129244E+06   0.000000E+00   0.207320E+08   0.207320E+08   0.207320E+08  -0.612157E+00   0.113574E+08   0.113566E+08   0.214823E+03
   0.126241E-02   0.208343E+08   0.208303E+08  -0.220394E+06  -0.233891E+06   0.000000E+00   0.208337E+08   0.208337E+08   0.208336E+08  -0.627438E+00   0.114184E+08   0.114176E+08   0.199118E+03
   0.139435E-02   0.209183E+08   0.209141E+08  -0.206846E+06  -0.217260E+06   0.000000E+00   0.209176E+08   0.209176E+08   0.209176E+08  -0.642591E+00   0.114722E+08   0.114714E+08   0.182043E+03
   0.154009E-02   0.209821E+08   0.209779E+08  -0.119447E+06  -0.442067E+06   0.000000E+00   0.209814E+08   0.209814E+08   0.209813E+08  -0.657622E+00   0.115186E+08   0.115178E+08   0.164366E+03
   0.170105E-02   0.210243E+08   0.210200E+08  -0.934775E+05  -0.287393E+06   0.000000E+00   0.210235E+08   0.210235E+08   0.210235E+08  -0.672507E+00   0.115571E+08   0.115563E+08   0.146993E+03
   0.187885E-02   0.210437E+08   0.210395E+08  -0.123787E+06  -0.175200E+06   0.000000E+00   0.210430E+08   0.210430E+08   0.210430E+08  -0.687134E+00   0.115870E+08   0.115863E+08   0.130747E+03
   0.207522E-02   0.210398E+08   0.210355E+08  -0.848106E+05  -0.951473E+05   0.000000E+00   0.210391E+08   0.210391E+08   0.210390E+08  -0.701346E+00   0.116075E+08   0.116068E+08   0.116226E+03
   0.229212E-02   0.210117E+08   0.210074E+08  -0.361173E+05  -0.392945E+05   0.000000E+00   0.210109E+08   0.210109E+08   0.210109E+08  -0.714956E+00   0.116175E+08   0.116167E+08   0.103797E+03
   0.253169E-02   0.209586E+08   0.209542E+08  -0.446639E+05  -0.153070E+04   0.000000E+00   0.209579E+08   0.209579E+08   0.209579E+08  -0.727757E+00   0.116156E+08   0.116149E+08   0.934446E+02
   0.279630E-02   0.208799E+08   0.208753E+08  -0.139429E+05   0.228523E+05   0.000000E+00   0.208791E+08   0.208791E+08   0.208791E+08  -0.739527E+00   0.116007E+08   0.116000E+08   0.847073E+02
   0.308856E-02   0.207745E+08   0.207696E+08  -0.125375E+05   0.374934E+05   0.000000E+00   0.207736E+08   0.207736E+08   0.207737E+08  -0.750054E+00   0.115715E+08   0.115708E+08   0.769522E+02
   0.341138E-02   0.206415E+08   0.206364E+08  -0.601029E+03   0.451796E+05   0.000000E+00   0.206406E+08   0.206406E+08   0.206407E+08  -0.759130E+00   0.115267E+08   0.115260E+08   0.696308E+02
   0.376793E-02   0.204800E+08   0.204747E+08  -0.145158E+04   0.480302E+05   0.000000E+00   0.204791E+08   0.204791E+08   0.204791E+08  -0.766562E+00   0.114652E+08   0.114645E+08   0.626039E+02
   0.416175E-02   0.202890E+08   0.202833E+08   0.133388E+05   0.476343E+05   0.000000E+00   0.202881E+08   0.202881E+08   0.202881E+08  -0.772169E+00   0.113859E+08   0.113852E+08   0.561107E+02
   0.459673E-02   0.200675E+08   0.200614E+08   0.163525E+05   0.451681E+05   0.000000E+00   0.200664E+08   0.200664E+08   0.200664E+08  -0.775788E+00   0.112877E+08   0.112870E+08   0.504213E+02
   0.507717E-02   0.198143E+08   0.198077E+08   0.125064E+05   0.414851E+05   0.000000E+00   0.198132E+08   0.198132E+08   0.198132E+08  -0.777273E+00   0.111698E+08   0.111691E+08   0.454654E+02
   0.560783E-02   0.195284E+08   0.195212E+08   0.142354E+05   0.371917E+05   0.000000E+00   0.195272E+08   0.195272E+08   0.195272E+08  -0.776497E+00   0.110312E+08   0.110305E+08   0.409448E+02
   0.619395E-02   0.192088E+08   0.192009E+08   0.119608E+05   0.327070E+05   0.000000E+00   0.192075E+08   0.192075E+08   0.192075E+08  -0.773355E+00   0.108713E+08   0.108706E+08   0.367643E+02
   0.684134E-02   0.188543E+08   0.188455E+08   0.121583E+05   0.283090E+05   0.000000E+00   0.188528E+08   0.188528E+08   0.188528E+08  -0.767761E+00   0.106891E+08   0.106884E+08   0.330542E+02
   0.755639E-02   0.184638E+08   0.184540E+08   0.119928E+05   0.241725E+05   0.000000E+00   0.184622E+08   0.184622E+08   0.184622E+08  -0.759647E+00   0.104842E+08   0.104835E+08   0.297691E+02
   0.834617E-02   0.180362E+08   0.180251E+08   0.120883E+05   0.203974E+05   0.000000E+00   0.180343E+08   0.180343E+08   0.180343E+08  -0.748968E+00   0.102558E+08   0.102551E+08   0.267875E+02
   0.921850E-02   0.175703E+08   0.175577E+08   0.951286E+04   0.170304E+05   0.000000E+00   0.175682E+08   0.175682E+08   0.175682E+08  -0.735691E+00   0.100033E+08   0.100026E+08   0.241368E+02
   0.101820E-01   0.170648E+08   0.170505E+08   0.945000E+04   0.140822E+05   0.000000E+00   0.170624E+08   0.170624E+08   0.170624E+08  -0.719801E+00   0.972621E+07   0.972554E+07   0.217727E+02
   0.112462E-01   0.165188E+08   0.165024E+08   0.705683E+04   0.115398E+05   0.000000E+00   0.165160E+08   0.165160E+08   0.165160E+08  -0.701296E+00   0.942398E+07   0.942332E+07   0.196641E+02
   0.124217E-01   0.159311E+08   0.159123E+08   0.620586E+04   0.937562E+04   0.000000E+00   0.159279E+08   0.159279E+08   0.159279E+08  -0.680188E+00   0.909618E+07   0.909552E+07   0.177888E+02
   0.137199E-01   0.153008E+08   0.152793E+08   0.517112E+04   0.755425E+04   0.000000E+00   0.152972E+08   0.152972E+08   0.152972E+08  -0.656504E+00   0.874248E+07   0.874182E+07   0.161189E+02
   0.151539E-01   0.146277E+08   0.146032E+08   0.477063E+04   0.603693E+04   0.000000E+00   0.146236E+08   0.146236E+08   0.146236E+08  -0.630293E+00   0.836282E+07   0.836215E+07   0.146276E+02
   0.167378E-01   0.139340E+08   0.139060E+08   0.347434E+04   0.479227E+04   0.000000E+00   0.139293E+08   0.139293E+08   0.139293E+08  -0.602588E+00   0.797010E+07   0.796943E+07   0.133053E+02
   0.184872E-01   0.131805E+08   0.131489E+08   0.274942E+04   0.376775E+04   0.000000E+00   0.131752E+08   0.131752E+08   0.131752E+08  -0.571771E+00   0.754213E+07   0.754146E+07   0.120964E+02
   0.204195E-01   0.123894E+08   0.123539E+08   0.230714E+04   0.293701E+04   0.000000E+00   0.123834E+08   0.123834E+08   0.123834E+08  -0.538857E+00   0.709166E+07   0.709099E+07   0.109885E+02
   0.225537E-01   0.115505E+08   0.115111E+08   0.183441E+04   0.226636E+04   0.000000E+00   0.115439E+08   0.115439E+08   0.115439E+08  -0.503471E+00   0.661306E+07   0.661239E+07   0.994785E+01
   0.249110E-01   0.107014E+08   0.106584E+08   0.147150E+04   0.173515E+04   0.000000E+00   0.106941E+08   0.106941E+08   0.106941E+08  -0.467310E+00   0.612799E+07   0.612732E+07   0.896238E+01
   0.275146E-01   0.985043E+07   0.980440E+07   0.106456E+04   0.131803E+04   0.000000E+00   0.984270E+07   0.984270E+07   0.984270E+07  -0.430799E+00   0.564141E+07   0.564075E+07   0.800595E+01
   0.303904E-01   0.899767E+07   0.894956E+07   0.829948E+03   0.992364E+03   0.000000E+00   0.898960E+07   0.898960E+07   0.898960E+07  -0.393994E+00   0.515345E+07   0.515281E+07   0.705247E+01
   0.335668E-01   0.816796E+07   0.811922E+07   0.624886E+03   0.741840E+03   0.000000E+00   0.815977E+07   0.815977E+07   0.815977E+07  -0.358029E+00   0.467850E+07   0.467789E+07   0.609226E+01
   0.370752E-01   0.739260E+07   0.734512E+07   0.466857E+03   0.552474E+03   0.000000E+00   0.738463E+07   0.738463E+07   0.738463E+07  -0.324323E+00   0.423463E+07   0.423406E+07   0.512794E+01
   0.409502E-01   0.669056E+07   0.664650E+07   0.358753E+03   0.411172E+03   0.000000E+00   0.668316E+07   0.668316E+07   0.668316E+07  -0.293745E+00   0.383281E+07   0.383229E+07   0.417311E+01
   0.450452E-01   0.609949E+07   0.606069E+07   0.517943E+03   0.310602E+03   0.000000E+00   0.609298E+07   0.609298E+07   0.609298E+07  -0.267972E+00   0.349464E+07   0.349419E+07   0.329590E+01
   0.491403E-01   0.563944E+07   0.560678E+07   0.402931E+03   0.241806E+03   0.000000E+00   0.563396E+07   0.563396E+07   0.563396E+07  -0.247903E+00   0.323158E+07   0.323120E+07   0.256455E+01
   0.532353E-01   0.527027E+07   0.524374E+07   0.321205E+03   0.192871E+03   0.000000E+00   0.526582E+07   0.526582E+07   0.526582E+07  -0.231791E+00   0.302057E+07   0.302025E+07   0.198223E+01
   0.573303E-01   0.496026E+07   0.493910E+07   0.260903E+03   0.156732E+03   0.000000E+00   0.495671E+07   0.495671E+07   0.495671E+07  -0.218250E+00   0.284337E+07   0.284311E+07   0.154435E+01
   0.614253E-01   0.468303E+07   0.466600E+07   0.214731E+03   0.129043E+03   0.000000E+00   0.468017E+07   0.468017E+07   0.468017E+07  -0.206124E+00   0.268483E+07   0.268460E+07   0.123693E+01
   0.655204E-01   0.442049E+07   0.440609E+07   0.178251E+03   0.107152E+03   0.000000E+00   0.441807E+07   0.441807E+07   0.441807E+07  -0.194619E+00   0.253454E+07   0.253434E+07   0.103879E+01
   0.696154E-01   0.416146E+07   0.414824E+07   0.148711E+03   0.894166E+02   0.000000E+00   0.415924E+07   0.415924E+07   0.415924E+07  -0.183248E+00   0.238611E+07   0.238592E+07   0.924067E+00
   0.737104E-01   0.390892E+07   0.389565E+07   0.124636E+03   0.749569E+02   0.000000E+00   0.390669E+07   0.390669E+07   0.390669E+07  -0.172145E+00   0.224127E+07   0.224108E+07   0.866765E+00
   0.778054E-01   0.365129E+07   0.363717E+07   0.104512E+03   0.628655E+02   0.000000E+00   0.364892E+07   0.364892E+07   0.364892E+07  -0.160806E+00   0.209343E+07   0.209323E+07   0.839301E+00
   0.819004E-01   0.340160E+07   0.338628E+07   0.878851E+02   0.528721E+02   0.000000E+00   0.339903E+07   0.339903E+07   0.339903E+07  -0.149808E+00   0.195009E+07   0.194989E+07   0.822037E+00
   0.859955E-01   0.316753E+07   0.315109E+07   0.742366E+02   0.446671E+02   0.000000E+00   0.316477E+07   0.316477E+07   0.316477E+07  -0.139495E+00   0.181572E+07   0.181551E+07   0.800082E+00
   0.910661E-01   0.290969E+07   0.289249E+07   0.608177E+02   0.365982E+02   0.000000E+00   0.290680E+07   0.290680E+07   0.290680E+07  -0.128137E+00   0.166774E+07   0.166753E+07   0.754166E+00
   0.961367E-01   0.269554E+07   0.267858E+07   0.505618E+02   0.304301E+02   0.000000E+00   0.269269E+07   0.269269E+07   0.269269E+07  -0.118708E+00   0.154491E+07   0.154472E+07   0.684375E+00
   0.101207E+00   0.252679E+07   0.251107E+07   0.427742E+02   0.257458E+02   0.000000E+00   0.252415E+07   0.252415E+07   0.252415E+07  -0.111285E+00   0.144823E+07   0.144805E+07   0.596792E+00
   0.106278E+00   0.239684E+07   0.238306E+07   0.368035E+02   0.221539E+02   0.000000E+00   0.239452E+07   0.239452E+07   0.239452E+07  -0.105576E+00   0.137386E+07   0.137370E+07   0.502867E+00
   0.111348E+00   0.229359E+07   0.228205E+07   0.320918E+02   0.193191E+02   0.000000E+00   0.229165E+07   0.229165E+07   0.229165E+07  -0.101045E+00   0.131485E+07   0.131471E+07   0.414887E+00
   0.116419E+00   0.220384E+07   0.219434E+07   0.282152E+02   0.169864E+02   0.000000E+00   0.220225E+07   0.220225E+07   0.220225E+07  -0.971074E-01   0.126356E+07   0.126344E+07   0.342475E+00
   0.121490E+00   0.211630E+07   0.210833E+07   0.248848E+02   0.149823E+02   0.000000E+00   0.211496E+07   0.211496E+07   0.211496E+07  -0.932622E-01   0.121348E+07   0.121338E+07   0.290577E+00
   0.126560E+00   0.202375E+07   0.201660E+07   0.219307E+02   0.132044E+02   0.000000E+00   0.202255E+07   0.202255E+07   0.202255E+07  -0.891901E-01   0.116046E+07   0.116036E+07   0.259134E+00
   0.131631E+00   0.192416E+07   0.191716E+07   0.192770E+02   0.116071E+02   0.000000E+00   0.192298E+07   0.192298E+07   0.192298E+07  -0.848020E-01   0.110334E+07   0.110324E+07   0.244106E+00
   0.136701E+00   0.181987E+07   0.181253E+07   0.169047E+02   0.101791E+02   0.000000E+00   0.181864E+07   0.181864E+07   0.181864E+07  -0.802025E-01   0.104348E+07   0.104338E+07   0.239199E+00
   0.141772E+00   0.171548E+07   0.170760E+07   0.148150E+02   0.892115E+01   0.000000E+00   0.171416E+07   0.171416E+07   0.171416E+07  -0.755967E-01   0.983533E+06   0.983432E+06   0.237745E+00
   0.146843E+00   0.161643E+07   0.160806E+07   0.130115E+02   0.783541E+01   0.000000E+00   0.161502E+07   0.161502E+07   0.161502E+07  -0.712262E-01   0.926656E+06   0.926553E+06   0.234326E+00
   0.151913E+00   0.152806E+07   0.151947E+07   0.114924E+02   0.692084E+01   0.000000E+00   0.152661E+07   0.152661E+07   0.152661E+07  -0.673285E-01   0.875933E+06   0.875830E+06   0.225775E+00
   0.156984E+00   0.145390E+07   0.144546E+07   0.102399E+02   0.616669E+01   0.000000E+00   0.145248E+07   0.145248E+07   0.145248E+07  -0.640602E-01   0.833400E+06   0.833301E+06   0.211365E+00
   0.162054E+00   0.139406E+07   0.138612E+07   0.921418E+01   0.554913E+01   0.000000E+00   0.139273E+07   0.139273E+07   0.139273E+07  -0.614259E-01   0.799118E+06   0.799024E+06   0.192345E+00
   0.167125E+00   0.134566E+07   0.133845E+07   0.836353E+01   0.503694E+01   0.000000E+00   0.134445E+07   0.134445E+07   0.134445E+07  -0.592972E-01   0.771415E+06   0.771329E+06   0.171155E+00
   0.172196E+00   0.130466E+07   0.129828E+07   0.763912E+01   0.460074E+01   0.000000E+00   0.130359E+07   0.130359E+07   0.130359E+07  -0.574961E-01   0.747974E+06   0.747896E+06   0.150574E+00
   0.177266E+00   0.126715E+07   0.126154E+07   0.700188E+01   0.421703E+01   0.000000E+00   0.126621E+07   0.126621E+07   0.126621E+07  -0.558480E-01   0.726525E+06   0.726454E+06   0.132939E+00
   0.182337E+00   0.122957E+07   0.122452E+07   0.642213E+01   0.386793E+01   0.000000E+00   0.122872E+07   0.122872E+07   0.122872E+07  -0.541951E-01   0.705016E+06   0.704950E+06   0.119611E+00
   0.187407E+00   0.118934E+07   0.118462E+07   0.588070E+01   0.354189E+01   0.000000E+00   0.118855E+07   0.118855E+07   0.118855E+07  -0.524237E-01   0.681965E+06   0.681903E+06   0.110810E+00
   0.192478E+00   0.114578E+07   0.114115E+07   0.537081E+01   0.323483E+01   0.000000E+00   0.114500E+07   0.114500E+07   0.114500E+07  -0.505034E-01   0.656980E+06   0.656919E+06   0.105802E+00
   0.197549E+00   0.110008E+07   0.109537E+07   0.489518E+01   0.294840E+01   0.000000E+00   0.109929E+07   0.109929E+07   0.109929E+07  -0.484877E-01   0.630753E+06   0.630692E+06   0.103260E+00
   0.202619E+00   0.105431E+07   0.104945E+07   0.445948E+01   0.268601E+01   0.000000E+00   0.105350E+07   0.105350E+07   0.105350E+07  -0.464682E-01   0.604479E+06   0.604417E+06   0.101675E+00
   0.207690E+00   0.101055E+07   0.100553E+07   0.406802E+01   0.245026E+01   0.000000E+00   0.100970E+07   0.100970E+07   0.100970E+07  -0.445369E-01   0.579353E+06   0.579291E+06   0.997333E-01
   0.212760E+00   0.970517E+06   0.965454E+06   0.372278E+01   0.224234E+01   0.000000E+00   0.969666E+06   0.969666E+06   0.969666E+06  -0.427712E-01   0.556381E+06   0.556319E+06   0.965926E-01
   0.217831E+00   0.935392E+06   0.930405E+06   0.342294E+01   0.206175E+01   0.000000E+00   0.934555E+06   0.934555E+06   0.934555E+06  -0.412227E-01   0.536235E+06   0.536175E+06   0.919827E-01
   0.222902E+00   0.905410E+06   0.900624E+06   0.316427E+01   0.190597E+01   0.000000E+00   0.904606E+06   0.904606E+06   0.904606E+06  -0.399019E-01   0.519051E+06   0.518993E+06   0.861414E-01
   0.227972E+00   0.879823E+06   0.875330E+06   0.293972E+01   0.177073E+01   0.000000E+00   0.879068E+06   0.879068E+06   0.879068E+06  -0.387757E-01   0.504398E+06   0.504343E+06   0.796406E-01
   0.233043E+00   0.857269E+06   0.853106E+06   0.274123E+01   0.165118E+01   0.000000E+00   0.856570E+06   0.856570E+06   0.856570E+06  -0.377835E-01   0.491488E+06   0.491437E+06   0.731755E-01
   0.238113E+00   0.836226E+06   0.832377E+06   0.256142E+01   0.154288E+01   0.000000E+00   0.835580E+06   0.835580E+06   0.835580E+06  -0.368578E-01   0.479445E+06   0.479396E+06   0.673680E-01
   0.243184E+00   0.815347E+06   0.811750E+06   0.239451E+01   0.144235E+01   0.000000E+00   0.814743E+06   0.814743E+06   0.814743E+06  -0.359388E-01   0.467489E+06   0.467443E+06   0.626254E-01
   0.248255E+00   0.793724E+06   0.790295E+06   0.223682E+01   0.134737E+01   0.000000E+00   0.793148E+06   0.793148E+06   0.793148E+06  -0.349864E-01   0.455098E+06   0.455054E+06   0.590773E-01
   0.253325E+00   0.771078E+06   0.767731E+06   0.208690E+01   0.125707E+01   0.000000E+00   0.770516E+06   0.770516E+06   0.770516E+06  -0.339883E-01   0.442113E+06   0.442070E+06   0.565958E-01
   0.258396E+00   0.747724E+06   0.744394E+06   0.194503E+01   0.117162E+01   0.000000E+00   0.747165E+06   0.747165E+06   0.747165E+06  -0.329583E-01   0.428714E+06   0.428672E+06   0.548730E-01
   0.263466E+00   0.724327E+06   0.720977E+06   0.181230E+01   0.109168E+01   0.000000E+00   0.723764E+06   0.723764E+06   0.723764E+06  -0.319262E-01   0.415288E+06   0.415245E+06   0.535245E-01
   0.268537E+00   0.701634E+06   0.698264E+06   0.168981E+01   0.101790E+01   0.000000E+00   0.701068E+06   0.701068E+06   0.701068E+06  -0.309251E-01   0.402265E+06   0.402223E+06   0.521909E-01
   0.273608E+00   0.680310E+06   0.676945E+06   0.157826E+01   0.950712E+00   0.000000E+00   0.679745E+06   0.679745E+06   0.679745E+06  -0.299847E-01   0.390030E+06   0.389989E+06   0.506163E-01
   0.278678E+00   0.660820E+06   0.657502E+06   0.147776E+01   0.890175E+00   0.000000E+00   0.660262E+06   0.660262E+06   0.660262E+06  -0.291254E-01   0.378852E+06   0.378811E+06   0.486878E-01
   0.283749E+00   0.643326E+06   0.640098E+06   0.138769E+01   0.835924E+00   0.000000E+00   0.642784E+06   0.642784E+06   0.642784E+06  -0.283544E-01   0.368823E+06   0.368784E+06   0.464317E-01
   0.288819E+00   0.627640E+06   0.624538E+06   0.130676E+01   0.787176E+00   0.000000E+00   0.627119E+06   0.627119E+06   0.627119E+06  -0.276635E-01   0.359835E+06   0.359797E+06   0.439770E-01
   0.293890E+00   0.613309E+06   0.610349E+06   0.123328E+01   0.742912E+00   0.000000E+00   0.612812E+06   0.612812E+06   0.612812E+06  -0.270324E-01   0.351625E+06   0.351589E+06   0.415019E-01
   0.298961E+00   0.599787E+06   0.596969E+06   0.116555E+01   0.702118E+00   0.000000E+00   0.599314E+06   0.599314E+06   0.599314E+06  -0.264371E-01   0.343880E+06   0.343845E+06   0.391809E-01
   0.304031E+00   0.586596E+06   0.583901E+06   0.110224E+01   0.663984E+00   0.000000E+00   0.586144E+06   0.586144E+06   0.586144E+06  -0.258562E-01   0.336324E+06   0.336290E+06   0.371431E-01
   0.309102E+00   0.573399E+06   0.570799E+06   0.104240E+01   0.627937E+00   0.000000E+00   0.572963E+06   0.572963E+06   0.572963E+06  -0.252748E-01   0.328760E+06   0.328728E+06   0.354485E-01
   0.314172E+00   0.560024E+06   0.557488E+06   0.985493E+00   0.593656E+00   0.000000E+00   0.559598E+06   0.559598E+06   0.559598E+06  -0.246853E-01   0.321092E+06   0.321060E+06   0.340838E-01
   0.319243E+00   0.546483E+06   0.543985E+06   0.931360E+00   0.561051E+00   0.000000E+00   0.546063E+06   0.546063E+06   0.546063E+06  -0.240883E-01   0.313326E+06   0.313295E+06   0.329790E-01
   0.324314E+00   0.532963E+06   0.530487E+06   0.880133E+00   0.530194E+00   0.000000E+00   0.532547E+06   0.532547E+06   0.532547E+06  -0.234922E-01   0.305571E+06   0.305540E+06   0.320337E-01
   0.329384E+00   0.519752E+06   0.517293E+06   0.832081E+00   0.501248E+00   0.000000E+00   0.519339E+06   0.519339E+06   0.519339E+06  -0.229095E-01   0.297992E+06   0.297961E+06   0.311463E-01
   0.334455E+00   0.507108E+06   0.504672E+06   0.787401E+00   0.474332E+00   0.000000E+00   0.506699E+06   0.506699E+06   0.506699E+06  -0.223519E-01   0.290740E+06   0.290710E+06   0.302354E-01
   0.339525E+00   0.495191E+06   0.492789E+06   0.746098E+00   0.449451E+00   0.000000E+00   0.494788E+06   0.494788E+06   0.494788E+06  -0.218265E-01   0.283905E+06   0.283876E+06   0.292541E-01
   0.344596E+00   0.484059E+06   0.481705E+06   0.708019E+00   0.426514E+00   0.000000E+00   0.483664E+06   0.483664E+06   0.483664E+06  -0.213358E-01   0.277522E+06   0.277493E+06   0.281943E-01
   0.349667E+00   0.473691E+06   0.471399E+06   0.672911E+00   0.405365E+00   0.000000E+00   0.473306E+06   0.473306E+06   0.473306E+06  -0.208789E-01   0.271579E+06   0.271551E+06   0.270810E-01
   0.354737E+00   0.463985E+06   0.461762E+06   0.640423E+00   0.385795E+00   0.000000E+00   0.463612E+06   0.463612E+06   0.463612E+06  -0.204513E-01   0.266017E+06   0.265989E+06   0.259591E-01
   0.359808E+00   0.454765E+06   0.452612E+06   0.610139E+00   0.367553E+00   0.000000E+00   0.454403E+06   0.454403E+06   0.454403E+06  -0.200451E-01   0.260733E+06   0.260706E+06   0.248776E-01
   0.364878E+00   0.445833E+06   0.443746E+06   0.581658E+00   0.350398E+00   0.000000E+00   0.445483E+06   0.445483E+06   0.445483E+06  -0.196517E-01   0.255614E+06   0.255588E+06   0.238767E-01
   0.369949E+00   0.437045E+06   0.435015E+06   0.554680E+00   0.334148E+00   0.000000E+00   0.436704E+06   0.436704E+06   0.436704E+06  -0.192646E-01   0.250578E+06   0.250552E+06   0.229805E-01
   0.375020E+00   0.428328E+06   0.426343E+06   0.529019E+00   0.318691E+00   0.000000E+00   0.427995E+06   0.427995E+06   0.427995E+06  -0.188804E-01   0.245580E+06   0.245555E+06   0.221933E-01
   0.380090E+00   0.419664E+06   0.417715E+06   0.504576E+00   0.303964E+00   0.000000E+00   0.419336E+06   0.419336E+06   0.419336E+06  -0.184984E-01   0.240612E+06   0.240588E+06   0.215016E-01
   0.385161E+00   0.411082E+06   0.409162E+06   0.481322E+00   0.289954E+00   0.000000E+00   0.410760E+06   0.410760E+06   0.410760E+06  -0.181199E-01   0.235691E+06   0.235667E+06   0.208797E-01
   0.390231E+00   0.402662E+06   0.400766E+06   0.459293E+00   0.276685E+00   0.000000E+00   0.402344E+06   0.402344E+06   0.402344E+06  -0.177488E-01   0.230862E+06   0.230838E+06   0.202984E-01
   0.395302E+00   0.394491E+06   0.392620E+06   0.438512E+00   0.264170E+00   0.000000E+00   0.394177E+06   0.394177E+06   0.394177E+06  -0.173887E-01   0.226176E+06   0.226153E+06   0.197319E-01
   0.400373E+00   0.386640E+06   0.384796E+06   0.418959E+00   0.252389E+00   0.000000E+00   0.386330E+06   0.386330E+06   0.386330E+06  -0.170424E-01   0.221674E+06   0.221650E+06   0.191620E-01
   0.405443E+00   0.379139E+06   0.377326E+06   0.400612E+00   0.241334E+00   0.000000E+00   0.378834E+06   0.378834E+06   0.378834E+06  -0.167116E-01   0.217373E+06   0.217350E+06   0.185812E-01
   0.410514E+00   0.371990E+06   0.370213E+06   0.383422E+00   0.230984E+00   0.000000E+00   0.371692E+06   0.371692E+06   0.371692E+06  -0.163968E-01   0.213274E+06   0.213252E+06   0.179917E-01
   0.415584E+00   0.365169E+06   0.363431E+06   0.367260E+00   0.221246E+00   0.000000E+00   0.364877E+06   0.364877E+06   0.364877E+06  -0.160961E-01   0.209364E+06   0.209342E+06   0.174033E-01
   0.420655E+00   0.358626E+06   0.356926E+06   0.352032E+00   0.212070E+00   0.000000E+00   0.358340E+06   0.358340E+06   0.358340E+06  -0.158076E-01   0.205613E+06   0.205592E+06   0.168292E-01
   0.425726E+00   0.352292E+06   0.350631E+06   0.337642E+00   0.203406E+00   0.000000E+00   0.352013E+06   0.352013E+06   0.352013E+06  -0.155288E-01   0.201983E+06   0.201962E+06   0.162816E-01
   0.430796E+00   0.346110E+06   0.344484E+06   0.323942E+00   0.195148E+00   0.000000E+00   0.345837E+06   0.345837E+06   0.345837E+06  -0.152561E-01   0.198439E+06   0.198418E+06   0.157690E-01
   0.435867E+00   0.340042E+06   0.338449E+06   0.310912E+00   0.187303E+00   0.000000E+00   0.339775E+06   0.339775E+06   0.339775E+06  -0.149889E-01   0.194961E+06   0.194941E+06   0.152952E-01
   0.440937E+00   0.334073E+06   0.332508E+06   0.298465E+00   0.179803E+00   0.000000E+00   0.333810E+06   0.333810E+06   0.333810E+06  -0.147257E-01   0.191538E+06   0.191518E+06   0.148586E-01
   0.446008E+00   0.328198E+06   0.326658E+06   0.286587E+00   0.172647E+00   0.000000E+00   0.327939E+06   0.327939E+06   0.327939E+06  -0.144667E-01   0.188169E+06   0.188150E+06   0.144532E-01
   0.451079E+00   0.322430E+06   0.320913E+06   0.275260E+00   0.165825E+00   0.000000E+00   0.322175E+06   0.322175E+06   0.322175E+06  -0.142125E-01   0.184862E+06   0.184843E+06   0.140708E-01
   0.456149E+00   0.316798E+06   0.315302E+06   0.264467E+00   0.159321E+00   0.000000E+00   0.316546E+06   0.316546E+06   0.316546E+06  -0.139641E-01   0.181632E+06   0.181614E+06   0.137034E-01
   0.461220E+00   0.311329E+06   0.309855E+06   0.254223E+00   0.153152E+00   0.000000E+00   0.311081E+06   0.311081E+06   0.311081E+06  -0.137231E-01   0.178497E+06   0.178478E+06   0.133444E-01
   0.466290E+00   0.306038E+06   0.304587E+06   0.244494E+00   0.147289E+00   0.000000E+00   0.305795E+06   0.305795E+06   0.305795E+06  -0.134898E-01   0.175463E+06   0.175445E+06   0.129900E-01
   0.471361E+00   0.300925E+06   0.299497E+06   0.235266E+00   0.141731E+00   0.000000E+00   0.300685E+06   0.300685E+06   0.300685E+06  -0.132645E-01   0.172531E+06   0.172513E+06   0.126388E-01
   0.476432E+00   0.295982E+06   0.294580E+06   0.226505E+00   0.136455E+00   0.000000E+00   0.295747E+06   0.295747E+06   0.295747E+06  -0.130467E-01   0.169698E+06   0.169680E+06   0.122923E-01
   0.481502E+00   0.291201E+06   0.289823E+06   0.218171E+00   0.131431E+00   0.000000E+00   0.290970E+06   0.290970E+06   0.290970E+06  -0.128358E-01   0.166957E+06   0.166939E+06   0.119535E-01
   0.486573E+00   0.286563E+06   0.285209E+06   0.210257E+00   0.126668E+00   0.000000E+00   0.286335E+06   0.286335E+06   0.286335E+06  -0.126317E-01   0.164298E+06   0.164281E+06   0.116257E-01
   0.491643E+00   0.282041E+06   0.280712E+06   0.202679E+00   0.122097E+00   0.000000E+00   0.281818E+06   0.281818E+06   0.281818E+06  -0.124320E-01   0.161706E+06   0.161689E+06   0.113119E-01
   0.496714E+00   0.277616E+06   0.276310E+06   0.195461E+00   0.117754E+00   0.000000E+00   0.277397E+06   0.277397E+06   0.277397E+06  -0.122373E-01   0.159169E+06   0.159152E+06   0.110134E-01
   0.501785E+00   0.273279E+06   0.271993E+06   0.188531E+00   0.113577E+00   0.000000E+00   0.273063E+06   0.273063E+06   0.273063E+06  -0.120459E-01   0.156682E+06   0.156666E+06   0.107307E-01
   0.506855E+00   0.269027E+06   0.267761E+06   0.181900E+00   0.109581E+00   0.000000E+00   0.268814E+06   0.268814E+06   0.268814E+06  -0.118584E-01   0.154244E+06   0.154228E+06   0.104625E-01
   0.511926E+00   0.264860E+06   0.263612E+06   0.175565E+00   0.105769E+00   0.000000E+00   0.264650E+06   0.264650E+06   0.264650E+06  -0.116751E-01   0.151855E+06   0.151839E+06   0.102068E-01
   0.516996E+00   0.260779E+06   0.259549E+06   0.169473E+00   0.102094E+00   0.000000E+00   0.260572E+06   0.260572E+06   0.260572E+06  -0.114948E-01   0.149515E+06   0.149499E+06   0.996101E-02
   0.522067E+00   0.256791E+06   0.255579E+06   0.163660E+00   0.985938E-01   0.000000E+00   0.256588E+06   0.256588E+06   0.256588E+06  -0.113192E-01   0.147229E+06   0.147213E+06   0.972291E-02
   0.527138E+00   0.252907E+06   0.251712E+06   0.158106E+00   0.952517E-01   0.000000E+00   0.252706E+06   0.252706E+06   0.252706E+06  -0.111482E-01   0.145001E+06   0.144986E+06   0.949087E-02
   0.532208E+00   0.249127E+06   0.247949E+06   0.152777E+00   0.920358E-01   0.000000E+00   0.248929E+06   0.248929E+06   0.248929E+06  -0.109812E-01   0.142834E+06   0.142819E+06   0.926392E-02
   0.559946E+00   0.230082E+06   0.228998E+06   0.127471E+00   0.767927E-01   0.000000E+00   0.229900E+06   0.229900E+06   0.229900E+06  -0.101419E-01   0.131916E+06   0.131902E+06   0.812275E-02
   0.593872E+00   0.209650E+06   0.208660E+06   0.103259E+00   0.622073E-01   0.000000E+00   0.209484E+06   0.209484E+06   0.209484E+06  -0.924128E-02   0.120201E+06   0.120188E+06   0.699446E-02
   0.629853E+00   0.190988E+06   0.190088E+06   0.836278E-01   0.503807E-01   0.000000E+00   0.190837E+06   0.190837E+06   0.190837E+06  -0.841872E-02   0.109502E+06   0.109490E+06   0.601254E-02
   0.879031E+00   0.111653E+06   0.111127E+06   0.251011E-01   0.151220E-01   0.000000E+00   0.111565E+06   0.111565E+06   0.111565E+06  -0.492167E-02   0.640154E+05   0.640087E+05   0.255089E-02
   0.122679E+01   0.644835E+05   0.641794E+05   0.744314E-02   0.448420E-02   0.000000E+00   0.644325E+05   0.644325E+05   0.644325E+05  -0.284248E-02   0.369711E+05   0.369672E+05   0.108208E-02
   0.171212E+01   0.368534E+05   0.366794E+05   0.227713E-02   0.140836E-02   0.000000E+00   0.368242E+05   0.368242E+05   0.368242E+05  -0.165762E-02   0.211388E+05   0.211364E+05   0.464487E-03
   0.238945E+01   0.208735E+05   0.207747E+05   0.702024E-03   0.449201E-03   0.000000E+00   0.208569E+05   0.208569E+05   0.208569E+05  -0.966497E-03   0.119791E+05   0.119777E+05   0.205463E-03
