#          k/h    CDM            baryon         photon         nu             mass_nu        total          no_nu          total_de       Weyl           v_CDM          v_b            v_b-v_c     
   0.967670E-05   0.158922E+08   0.158922E+08   0.211749E+08   0.211745E+08   0.000000E+00   0.158922E+08   0.158922E+08   0.158988E+08  -0.384955E+00   0.748505E+07   0.748505E+07   0.653740E+01
   0.106881E-04   0.158926E+08   0.158926E+08   0.211722E+08   0.211716E+08   0.000000E+00   0.158926E+08   0.158926E+08   0.158991E+08  -0.384969E+00   0.748534E+07   0.748534E+07   0.722046E+01
   0.118052E-04   0.158930E+08   0.158930E+08   0.211688E+08   0.211681E+08   0.000000E+00   0.158930E+08   0.158930E+08   0.158995E+08  -0.384985E+00   0.748569E+07   0.748569E+07   0.797484E+01
   0.130391E-04   0.158935E+08   0.158935E+08   0.211646E+08   0.211638E+08   0.000000E+00   0.158935E+08   0.158935E+08   0.159000E+08  -0.385005E+00   0.748611E+07   0.748611E+07   0.880796E+01
   0.144019E-04   0.158941E+08   0.158941E+08   0.211596E+08   0.211586E+08   0.000000E+00   0.158941E+08   0.158941E+08   0.159006E+08  -0.385029E+00   0.748663E+07   0.748663E+07   0.972801E+01
   0.159072E-04   0.158948E+08   0.158948E+08   0.211534E+08   0.211523E+08   0.000000E+00   0.158948E+08   0.158948E+08   0.159014E+08  -0.385059E+00   0.748727E+07   0.748727E+07   0.107440E+02
   0.175697E-04   0.158958E+08   0.158958E+08   0.211459E+08   0.211445E+08   0.000000E+00   0.158958E+08   0.158958E+08   0.159023E+08  -0.385095E+00   0.748804E+07   0.748804E+07   0.118660E+02
   0.194061E-04   0.158969E+08   0.158969E+08   0.211368E+08   0.211350E+08   0.000000E+00   0.158969E+08   0.158969E+08   0.159034E+08  -0.385139E+00   0.748899E+07   0.748898E+07   0.131049E+02
   0.214344E-04   0.158982E+08   0.158982E+08   0.211256E+08   0.211235E+08   0.000000E+00   0.158982E+08   0.158982E+08   0.159048E+08  -0.385193E+00   0.749014E+07   0.749014E+07   0.144729E+02
   0.236747E-04   0.158999E+08   0.158999E+08   0.211120E+08   0.211094E+08   0.000000E+00   0.158999E+08   0.158999E+08   0.159064E+08  -0.385259E+00   0.749154E+07   0.749154E+07   0.159832E+02
   0.261492E-04   0.159019E+08   0.159019E+08   0.210954E+08   0.210922E+08   0.000000E+00   0.159019E+08   0.159019E+08   0.159084E+08  -0.385339E+00   0.749325E+07   0.749325E+07   0.176505E+02
   0.288822E-04   0.159044E+08   0.159044E+08   0.210752E+08   0.210713E+08   0.000000E+00   0.159044E+08   0.159044E+08   0.159109E+08  -0.385437E+00   0.749534E+07   0.749534E+07   0.194909E+02
   0.319010E-04   0.159074E+08   0.159074E+08   0.210506E+08   0.210458E+08   0.000000E+00   0.159074E+08   0.159074E+08   0.159139E+08  -0.385556E+00   0.749788E+07   0.749788E+07   0.215223E+02
   0.352352E-04   0.159111E+08   0.159110E+08   0.210205E+08   0.210147E+08   0.000000E+00   0.159110E+08   0.159110E+08   0.159175E+08  -0.385701E+00   0.750099E+07   0.750098E+07   0.237639E+02
   0.389179E-04   0.159155E+08   0.159155E+08   0.209839E+08   0.209769E+08   0.000000E+00   0.159155E+08   0.159155E+08   0.159220E+08  -0.385878E+00   0.750477E+07   0.750476E+07   0.262370E+02
   0.429856E-04   0.159210E+08   0.159209E+08   0.209393E+08   0.209307E+08   0.000000E+00   0.159210E+08   0.159210E+08   0.159274E+08  -0.386093E+00   0.750937E+07   0.750937E+07   0.289650E+02
   0.474784E-04   0.159276E+08   0.159276E+08   0.208851E+08   0.208746E+08   0.000000E+00   0.159276E+08   0.159276E+08   0.159340E+08  -0.386356E+00   0.751498E+07   0.751498E+07   0.319732E+02
   0.524408E-04   0.159357E+08   0.159357E+08   0.208190E+08   0.208063E+08   0.000000E+00   0.159357E+08   0.159357E+08   0.159421E+08  -0.386675E+00   0.752182E+07   0.752181E+07   0.352891E+02
   0.579218E-04   0.159455E+08   0.159455E+08   0.207387E+08   0.207232E+08   0.000000E+00   0.159455E+08   0.159455E+08   0.159519E+08  -0.387064E+00   0.753014E+07   0.753013E+07   0.389427E+02
   0.639757E-04   0.159575E+08   0.159575E+08   0.206410E+08   0.206222E+08   0.000000E+00   0.159575E+08   0.159575E+08   0.159639E+08  -0.387536E+00   0.754026E+07   0.754025E+07   0.429661E+02
   0.706624E-04   0.159720E+08   0.159720E+08   0.205224E+08   0.204995E+08   0.000000E+00   0.159720E+08   0.159720E+08   0.159784E+08  -0.388110E+00   0.755256E+07   0.755255E+07   0.473938E+02
   0.780479E-04   0.159898E+08   0.159897E+08   0.203785E+08   0.203506E+08   0.000000E+00   0.159897E+08   0.159897E+08   0.159960E+08  -0.388807E+00   0.756751E+07   0.756750E+07   0.522626E+02
   0.862053E-04   0.160113E+08   0.160112E+08   0.202040E+08   0.201703E+08   0.000000E+00   0.160113E+08   0.160113E+08   0.160175E+08  -0.389652E+00   0.758566E+07   0.758564E+07   0.576111E+02
   0.952154E-04   0.160374E+08   0.160373E+08   0.199929E+08   0.199520E+08   0.000000E+00   0.160374E+08   0.160374E+08   0.160435E+08  -0.390676E+00   0.760767E+07   0.760765E+07   0.634796E+02
   0.105167E-03   0.160690E+08   0.160689E+08   0.197379E+08   0.196885E+08   0.000000E+00   0.160690E+08   0.160690E+08   0.160751E+08  -0.391913E+00   0.763432E+07   0.763430E+07   0.699091E+02
   0.116159E-03   0.161073E+08   0.161072E+08   0.194305E+08   0.193708E+08   0.000000E+00   0.161073E+08   0.161073E+08   0.161133E+08  -0.393407E+00   0.766655E+07   0.766652E+07   0.769406E+02
   0.128300E-03   0.161536E+08   0.161535E+08   0.190609E+08   0.189891E+08   0.000000E+00   0.161536E+08   0.161536E+08   0.161595E+08  -0.395206E+00   0.770544E+07   0.770541E+07   0.846134E+02
   0.141710E-03   0.162095E+08   0.162093E+08   0.186181E+08   0.185318E+08   0.000000E+00   0.162094E+08   0.162094E+08   0.162152E+08  -0.397365E+00   0.775226E+07   0.775222E+07   0.929635E+02
   0.156521E-03   0.162766E+08   0.162765E+08   0.180895E+08   0.179863E+08   0.000000E+00   0.162766E+08   0.162766E+08   0.162822E+08  -0.399949E+00   0.780847E+07   0.780842E+07   0.102020E+03
   0.172880E-03   0.163572E+08   0.163570E+08   0.174618E+08   0.173389E+08   0.000000E+00   0.163572E+08   0.163572E+08   0.163626E+08  -0.403027E+00   0.787570E+07   0.787564E+07   0.111804E+03
   0.190950E-03   0.164535E+08   0.164533E+08   0.167209E+08   0.165752E+08   0.000000E+00   0.164535E+08   0.164535E+08   0.164586E+08  -0.406676E+00   0.795578E+07   0.795571E+07   0.122320E+03
   0.210907E-03   0.165681E+08   0.165678E+08   0.158528E+08   0.156813E+08   0.000000E+00   0.165680E+08   0.165680E+08   0.165729E+08  -0.410974E+00   0.805068E+07   0.805060E+07   0.133552E+03
   0.232951E-03   0.167036E+08   0.167032E+08   0.148450E+08   0.146448E+08   0.000000E+00   0.167036E+08   0.167036E+08   0.167081E+08  -0.415998E+00   0.816243E+07   0.816233E+07   0.145458E+03
   0.257299E-03   0.168630E+08   0.168625E+08   0.136885E+08   0.134570E+08   0.000000E+00   0.168629E+08   0.168629E+08   0.168671E+08  -0.421818E+00   0.829303E+07   0.829291E+07   0.157958E+03
   0.284191E-03   0.170488E+08   0.170482E+08   0.123801E+08   0.121157E+08   0.000000E+00   0.170487E+08   0.170487E+08   0.170525E+08  -0.428488E+00   0.844428E+07   0.844414E+07   0.170924E+03
   0.313895E-03   0.172635E+08   0.172628E+08   0.109261E+08   0.106287E+08   0.000000E+00   0.172633E+08   0.172633E+08   0.172667E+08  -0.436031E+00   0.861754E+07   0.861736E+07   0.184173E+03
   0.346702E-03   0.175086E+08   0.175078E+08   0.934626E+07   0.901814E+07   0.000000E+00   0.175085E+08   0.175085E+08   0.175113E+08  -0.444428E+00   0.881340E+07   0.881320E+07   0.197452E+03
   0.382939E-03   0.177848E+08   0.177838E+08   0.767837E+07   0.732479E+07   0.000000E+00   0.177846E+08   0.177846E+08   0.177869E+08  -0.453608E+00   0.903142E+07   0.903118E+07   0.210434E+03
   0.422964E-03   0.180908E+08   0.180897E+08   0.598149E+07   0.561172E+07   0.000000E+00   0.180906E+08   0.180906E+08   0.180924E+08  -0.463427E+00   0.926967E+07   0.926939E+07   0.222712E+03
   0.467171E-03   0.184237E+08   0.184224E+08   0.433706E+07   0.396487E+07   0.000000E+00   0.184235E+08   0.184235E+08   0.184248E+08  -0.473677E+00   0.952453E+07   0.952420E+07   0.233811E+03
   0.515999E-03   0.187777E+08   0.187761E+08   0.284469E+07   0.248811E+07   0.000000E+00   0.187774E+08   0.187774E+08   0.187783E+08  -0.484088E+00   0.979056E+07   0.979018E+07   0.243203E+03
   0.569931E-03   0.191447E+08   0.191429E+08   0.160995E+07   0.128982E+07   0.000000E+00   0.191444E+08   0.191444E+08   0.191449E+08  -0.494360E+00   0.100607E+08   0.100603E+08   0.250350E+03
   0.629499E-03   0.195147E+08   0.195126E+08   0.722122E+06   0.458950E+06   0.000000E+00   0.195143E+08   0.195143E+08   0.195145E+08  -0.504208E+00   0.103272E+08   0.103267E+08   0.254755E+03
   0.695293E-03   0.198762E+08   0.198738E+08   0.223733E+06   0.328761E+05   0.000000E+00   0.198758E+08   0.198758E+08   0.198758E+08  -0.513414E+00   0.105821E+08   0.105816E+08   0.256035E+03
   0.767965E-03   0.202182E+08   0.202155E+08   0.809085E+05  -0.330150E+05   0.000000E+00   0.202178E+08   0.202178E+08   0.202178E+08  -0.521862E+00   0.108190E+08   0.108184E+08   0.253981E+03
   0.848231E-03   0.205316E+08   0.205286E+08   0.172798E+06   0.125774E+06   0.000000E+00   0.205311E+08   0.205311E+08   0.205312E+08  -0.529537E+00   0.110337E+08   0.110330E+08   0.248598E+03
   0.936887E-03   0.208102E+08   0.208069E+08   0.322533E+06   0.318882E+06   0.000000E+00   0.208097E+08   0.208097E+08   0.208098E+08  -0.536480E+00   0.112243E+08   0.112236E+08   0.240088E+03
   0.103481E-02   0.210509E+08   0.210473E+08   0.377200E+06   0.388530E+06   0.000000E+00   0.210503E+08   0.210503E+08   0.210504E+08  -0.542721E+00   0.113906E+08   0.113899E+08   0.228792E+03
   0.114297E-02   0.212529E+08   0.212490E+08   0.300620E+06   0.307444E+06   0.000000E+00   0.212523E+08   0.212523E+08   0.212523E+08  -0.548244E+00   0.115333E+08   0.115326E+08   0.215109E+03
   0.126243E-02   0.214169E+08   0.214129E+08   0.192632E+06   0.194226E+06   0.000000E+00   0.214162E+08   0.214162E+08   0.214163E+08  -0.553003E+00   0.116530E+08   0.116523E+08   0.199481E+03
   0.139437E-02   0.215442E+08   0.215400E+08   0.170551E+06   0.180659E+06   0.000000E+00   0.215435E+08   0.215435E+08   0.215435E+08  -0.556944E+00   0.117504E+08   0.117496E+08   0.182465E+03
   0.154011E-02   0.216360E+08   0.216318E+08   0.208737E+06   0.899404E+06   0.000000E+00   0.216353E+08   0.216353E+08   0.216355E+08  -0.560022E+00   0.118260E+08   0.118252E+08   0.164829E+03
   0.170108E-02   0.216940E+08   0.216897E+08   0.179166E+06   0.773375E+06   0.000000E+00   0.216933E+08   0.216933E+08   0.216934E+08  -0.562188E+00   0.118804E+08   0.118797E+08   0.147481E+03
   0.187888E-02   0.217195E+08   0.217152E+08   0.928451E+05   0.658536E+06   0.000000E+00   0.217188E+08   0.217188E+08   0.217189E+08  -0.563422E+00   0.119143E+08   0.119136E+08   0.131244E+03
   0.207526E-02   0.217136E+08   0.217093E+08   0.797561E+05   0.556070E+06   0.000000E+00   0.217129E+08   0.217129E+08   0.217130E+08  -0.563718E+00   0.119282E+08   0.119275E+08   0.116719E+03
   0.229216E-02   0.216772E+08   0.216730E+08   0.832259E+05   0.466179E+06   0.000000E+00   0.216765E+08   0.216765E+08   0.216766E+08  -0.563092E+00   0.119226E+08   0.119219E+08   0.104274E+03
   0.253173E-02   0.216112E+08   0.216068E+08   0.375705E+05   0.388405E+06   0.000000E+00   0.216105E+08   0.216105E+08   0.216105E+08  -0.561565E+00   0.118983E+08   0.118975E+08   0.938982E+02
   0.279634E-02   0.215159E+08   0.215113E+08   0.392309E+05   0.321885E+06   0.000000E+00   0.215152E+08   0.215152E+08   0.215152E+08  -0.559167E+00   0.118555E+08   0.118548E+08   0.851314E+02
   0.308862E-02   0.213916E+08   0.213868E+08   0.187031E+05   0.265532E+06   0.000000E+00   0.213908E+08   0.213908E+08   0.213909E+08  -0.555925E+00   0.117949E+08   0.117942E+08   0.773435E+02
   0.341143E-02   0.212383E+08   0.212333E+08   0.145342E+05   0.218170E+06   0.000000E+00   0.212375E+08   0.212375E+08   0.212375E+08  -0.551863E+00   0.117166E+08   0.117159E+08   0.699881E+02
   0.376799E-02   0.210558E+08   0.210505E+08   0.214161E+04   0.178626E+06   0.000000E+00   0.210549E+08   0.210549E+08   0.210549E+08  -0.546997E+00   0.116208E+08   0.116201E+08   0.629274E+02
   0.416182E-02   0.208436E+08   0.208379E+08   0.889979E+04   0.145791E+06   0.000000E+00   0.208427E+08   0.208427E+08   0.208427E+08  -0.541336E+00   0.115076E+08   0.115068E+08   0.564019E+02
   0.459680E-02   0.206011E+08   0.205950E+08   0.656809E+04   0.118651E+06   0.000000E+00   0.206000E+08   0.206000E+08   0.206001E+08  -0.534877E+00   0.113766E+08   0.113759E+08   0.506820E+02
   0.507726E-02   0.203274E+08   0.203208E+08  -0.586132E+03   0.963056E+05   0.000000E+00   0.203263E+08   0.203263E+08   0.203263E+08  -0.527612E+00   0.112278E+08   0.112271E+08   0.456978E+02
   0.560792E-02   0.200217E+08   0.200145E+08  -0.647077E+03   0.779685E+05   0.000000E+00   0.200205E+08   0.200205E+08   0.200205E+08  -0.519525E+00   0.110607E+08   0.110600E+08   0.411513E+02
   0.619406E-02   0.196829E+08   0.196750E+08  -0.359056E+04   0.629643E+05   0.000000E+00   0.196816E+08   0.196816E+08   0.196816E+08  -0.510594E+00   0.108749E+08   0.108742E+08   0.369471E+02
   0.684145E-02   0.193100E+08   0.193011E+08  -0.322928E+04   0.507189E+05   0.000000E+00   0.193085E+08   0.193085E+08   0.193085E+08  -0.500793E+00   0.106698E+08   0.106691E+08   0.332158E+02
   0.755651E-02   0.189016E+08   0.188917E+08  -0.260394E+04   0.407487E+05   0.000000E+00   0.188999E+08   0.188999E+08   0.188999E+08  -0.490091E+00   0.104449E+08   0.104442E+08   0.299115E+02
   0.834630E-02   0.184566E+08   0.184454E+08  -0.726055E+03   0.326491E+05   0.000000E+00   0.184547E+08   0.184547E+08   0.184547E+08  -0.478456E+00   0.101995E+08   0.101988E+08   0.269126E+02
   0.921865E-02   0.179736E+08   0.179610E+08  -0.203900E+04   0.260835E+05   0.000000E+00   0.179715E+08   0.179715E+08   0.179715E+08  -0.465854E+00   0.993294E+07   0.993227E+07   0.242465E+02
   0.101822E-01   0.174514E+08   0.174371E+08  -0.741076E+03   0.207729E+05   0.000000E+00   0.174490E+08   0.174490E+08   0.174490E+08  -0.452247E+00   0.964456E+07   0.964390E+07   0.218686E+02
   0.112464E-01   0.168887E+08   0.168723E+08  -0.158790E+04   0.164868E+05   0.000000E+00   0.168860E+08   0.168860E+08   0.168860E+08  -0.437603E+00   0.933365E+07   0.933298E+07   0.197478E+02
   0.124219E-01   0.162843E+08   0.162655E+08  -0.118246E+04   0.130358E+05   0.000000E+00   0.162812E+08   0.162812E+08   0.162812E+08  -0.421887E+00   0.899958E+07   0.899891E+07   0.178616E+02
   0.137202E-01   0.156372E+08   0.156157E+08  -0.971954E+03   0.102640E+05   0.000000E+00   0.156336E+08   0.156336E+08   0.156336E+08  -0.405074E+00   0.864183E+07   0.864117E+07   0.161819E+02
   0.151542E-01   0.149470E+08   0.149224E+08  -0.338760E+03   0.804385E+04   0.000000E+00   0.149428E+08   0.149428E+08   0.149428E+08  -0.387150E+00   0.826014E+07   0.825947E+07   0.146821E+02
   0.167381E-01   0.142362E+08   0.142082E+08  -0.694355E+03   0.628107E+04   0.000000E+00   0.142315E+08   0.142315E+08   0.142315E+08  -0.368699E+00   0.786704E+07   0.786637E+07   0.133521E+02
   0.184875E-01   0.134649E+08   0.134333E+08  -0.614491E+03   0.487022E+04   0.000000E+00   0.134596E+08   0.134596E+08   0.134596E+08  -0.348684E+00   0.744042E+07   0.743975E+07   0.121364E+02
   0.204198E-01   0.126555E+08   0.126200E+08  -0.392099E+03   0.375241E+04   0.000000E+00   0.126495E+08   0.126495E+08   0.126495E+08  -0.327686E+00   0.699270E+07   0.699203E+07   0.110225E+02
   0.225541E-01   0.117976E+08   0.117583E+08  -0.299719E+03   0.286743E+04   0.000000E+00   0.117910E+08   0.117910E+08   0.117910E+08  -0.305437E+00   0.651817E+07   0.651750E+07   0.997654E+01
   0.249114E-01   0.109296E+08   0.108867E+08  -0.194021E+03   0.217749E+04   0.000000E+00   0.109224E+08   0.109224E+08   0.109224E+08  -0.282929E+00   0.603804E+07   0.603737E+07   0.898643E+01
   0.275151E-01   0.100600E+08   0.100140E+08  -0.218944E+03   0.164282E+04   0.000000E+00   0.100523E+08   0.100523E+08   0.100523E+08  -0.260383E+00   0.555704E+07   0.555638E+07   0.802598E+01
   0.303909E-01   0.918866E+07   0.914055E+07  -0.146942E+03   0.122992E+04   0.000000E+00   0.918058E+07   0.918058E+07   0.918058E+07  -0.237799E+00   0.507519E+07   0.507455E+07   0.706901E+01
   0.335673E-01   0.834101E+07   0.829227E+07  -0.111621E+03   0.915118E+03   0.000000E+00   0.833283E+07   0.833283E+07   0.833283E+07  -0.215837E+00   0.460656E+07   0.460594E+07   0.610584E+01
   0.370757E-01   0.754899E+07   0.750151E+07  -0.856595E+02   0.678872E+03   0.000000E+00   0.754102E+07   0.754102E+07   0.754102E+07  -0.195326E+00   0.416885E+07   0.416828E+07   0.513904E+01
   0.409509E-01   0.683193E+07   0.678786E+07  -0.550987E+02   0.503621E+03   0.000000E+00   0.682453E+07   0.682453E+07   0.682453E+07  -0.176766E+00   0.377276E+07   0.377225E+07   0.418217E+01
   0.450459E-01   0.622830E+07   0.618951E+07   0.583507E+03   0.379343E+03   0.000000E+00   0.622179E+07   0.622179E+07   0.622179E+07  -0.161133E+00   0.343957E+07   0.343912E+07   0.330338E+01
   0.491410E-01   0.575846E+07   0.572580E+07   0.453697E+03   0.295066E+03   0.000000E+00   0.575298E+07   0.575298E+07   0.575298E+07  -0.149051E+00   0.318038E+07   0.318000E+07   0.257087E+01
   0.532361E-01   0.538141E+07   0.535487E+07   0.361245E+03   0.234912E+03   0.000000E+00   0.537695E+07   0.537695E+07   0.537695E+07  -0.139291E+00   0.297252E+07   0.297220E+07   0.198767E+01
   0.573312E-01   0.506482E+07   0.504367E+07   0.293130E+03   0.190593E+03   0.000000E+00   0.506127E+07   0.506127E+07   0.506127E+07  -0.131095E+00   0.279800E+07   0.279773E+07   0.154909E+01
   0.614263E-01   0.478175E+07   0.476472E+07   0.241177E+03   0.156839E+03   0.000000E+00   0.477889E+07   0.477889E+07   0.477889E+07  -0.123801E+00   0.264188E+07   0.264165E+07   0.124112E+01
   0.655214E-01   0.451366E+07   0.449927E+07   0.200115E+03   0.130141E+03   0.000000E+00   0.451124E+07   0.451124E+07   0.451124E+07  -0.116872E+00   0.249391E+07   0.249371E+07   0.104251E+01
   0.696165E-01   0.424913E+07   0.423590E+07   0.166758E+03   0.108405E+03   0.000000E+00   0.424691E+07   0.424691E+07   0.424691E+07  -0.109979E+00   0.234778E+07   0.234759E+07   0.927370E+00
   0.737115E-01   0.399122E+07   0.397795E+07   0.139766E+03   0.908776E+02   0.000000E+00   0.398899E+07   0.398899E+07   0.398899E+07  -0.103322E+00   0.220521E+07   0.220502E+07   0.869704E+00
   0.778066E-01   0.372815E+07   0.371402E+07   0.117145E+03   0.761633E+02   0.000000E+00   0.372577E+07   0.372577E+07   0.372577E+07  -0.964961E-01   0.205970E+07   0.205950E+07   0.841910E+00
   0.819017E-01   0.347319E+07   0.345786E+07   0.984935E+02   0.640404E+02   0.000000E+00   0.347061E+07   0.347061E+07   0.347061E+07  -0.898928E-01   0.191864E+07   0.191844E+07   0.824352E+00
   0.859968E-01   0.323417E+07   0.321773E+07   0.831853E+02   0.540892E+02   0.000000E+00   0.323141E+07   0.323141E+07   0.323141E+07  -0.837004E-01   0.178641E+07   0.178620E+07   0.802136E+00
   0.910675E-01   0.297087E+07   0.295367E+07   0.680984E+02   0.442677E+02   0.000000E+00   0.296798E+07   0.296798E+07   0.296798E+07  -0.768556E-01   0.164078E+07   0.164057E+07   0.755942E+00
   0.961382E-01   0.275221E+07   0.273525E+07   0.566377E+02   0.368297E+02   0.000000E+00   0.274936E+07   0.274936E+07   0.274936E+07  -0.712187E-01   0.151992E+07   0.151972E+07   0.685924E+00
   0.101209E+00   0.257994E+07   0.256422E+07   0.479053E+02   0.311507E+02   0.000000E+00   0.257730E+07   0.257730E+07   0.257730E+07  -0.667603E-01   0.142481E+07   0.142462E+07   0.598164E+00
   0.106280E+00   0.244726E+07   0.243349E+07   0.411948E+02   0.267809E+02   0.000000E+00   0.244495E+07   0.244495E+07   0.244495E+07  -0.633167E-01   0.135164E+07   0.135148E+07   0.504100E+00
   0.111350E+00   0.234184E+07   0.233030E+07   0.358904E+02   0.233234E+02   0.000000E+00   0.233991E+07   0.233991E+07   0.233991E+07  -0.605720E-01   0.129356E+07   0.129342E+07   0.416009E+00
   0.116421E+00   0.225019E+07   0.224070E+07   0.315502E+02   0.205026E+02   0.000000E+00   0.224860E+07   0.224860E+07   0.224860E+07  -0.582075E-01   0.124308E+07   0.124296E+07   0.343506E+00
   0.121492E+00   0.216081E+07   0.215283E+07   0.278342E+02   0.180917E+02   0.000000E+00   0.215947E+07   0.215947E+07   0.215947E+07  -0.559127E-01   0.119380E+07   0.119370E+07   0.291530E+00
   0.126562E+00   0.206631E+07   0.205915E+07   0.245346E+02   0.159493E+02   0.000000E+00   0.206511E+07   0.206511E+07   0.206511E+07  -0.534777E-01   0.114164E+07   0.114154E+07   0.260014E+00
   0.131633E+00   0.196462E+07   0.195762E+07   0.215649E+02   0.140190E+02   0.000000E+00   0.196345E+07   0.196345E+07   0.196345E+07  -0.508459E-01   0.108544E+07   0.108534E+07   0.244916E+00
   0.136704E+00   0.185814E+07   0.185080E+07   0.189139E+02   0.122971E+02   0.000000E+00   0.185691E+07   0.185691E+07   0.185691E+07  -0.480928E-01   0.102654E+07   0.102645E+07   0.239941E+00
   0.141775E+00   0.175154E+07   0.174366E+07   0.165779E+02   0.107795E+02   0.000000E+00   0.175021E+07   0.175021E+07   0.175021E+07  -0.453343E-01   0.967563E+06   0.967462E+06   0.238421E+00
   0.146845E+00   0.165038E+07   0.164202E+07   0.145595E+02   0.946732E+01   0.000000E+00   0.164898E+07   0.164898E+07   0.164898E+07  -0.427131E-01   0.911598E+06   0.911495E+06   0.234939E+00
   0.151916E+00   0.156016E+07   0.155157E+07   0.128557E+02   0.835821E+01   0.000000E+00   0.155872E+07   0.155872E+07   0.155872E+07  -0.403690E-01   0.861700E+06   0.861597E+06   0.226333E+00
   0.156987E+00   0.148446E+07   0.147602E+07   0.114574E+02   0.745025E+01   0.000000E+00   0.148304E+07   0.148304E+07   0.148304E+07  -0.384153E-01   0.819867E+06   0.819767E+06   0.211876E+00
   0.162057E+00   0.142337E+07   0.141542E+07   0.103069E+02   0.670121E+01   0.000000E+00   0.142204E+07   0.142204E+07   0.142204E+07  -0.368300E-01   0.786141E+06   0.786048E+06   0.192817E+00
   0.167128E+00   0.137394E+07   0.136673E+07   0.935656E+01   0.608391E+01   0.000000E+00   0.137273E+07   0.137273E+07   0.137273E+07  -0.355564E-01   0.758881E+06   0.758795E+06   0.171594E+00
   0.172199E+00   0.133209E+07   0.132571E+07   0.854620E+01   0.555711E+01   0.000000E+00   0.133102E+07   0.133102E+07   0.133102E+07  -0.344767E-01   0.735820E+06   0.735742E+06   0.150986E+00
   0.177269E+00   0.129380E+07   0.128818E+07   0.783290E+01   0.509321E+01   0.000000E+00   0.129286E+07   0.129286E+07   0.129286E+07  -0.334878E-01   0.714723E+06   0.714652E+06   0.133329E+00
   0.182340E+00   0.125542E+07   0.125038E+07   0.718404E+01   0.467127E+01   0.000000E+00   0.125458E+07   0.125458E+07   0.125458E+07  -0.324961E-01   0.693562E+06   0.693496E+06   0.119981E+00
   0.187411E+00   0.121434E+07   0.120962E+07   0.657670E+01   0.427586E+01   0.000000E+00   0.121354E+07   0.121354E+07   0.121354E+07  -0.314294E-01   0.670878E+06   0.670815E+06   0.111160E+00
   0.192482E+00   0.116985E+07   0.116522E+07   0.600798E+01   0.390669E+01   0.000000E+00   0.116908E+07   0.116908E+07   0.116908E+07  -0.302825E-01   0.646294E+06   0.646233E+06   0.106132E+00
   0.197552E+00   0.112320E+07   0.111849E+07   0.547613E+01   0.356096E+01   0.000000E+00   0.112241E+07   0.112241E+07   0.112241E+07  -0.290745E-01   0.620495E+06   0.620434E+06   0.103570E+00
   0.202623E+00   0.107647E+07   0.107160E+07   0.498685E+01   0.324218E+01   0.000000E+00   0.107565E+07   0.107565E+07   0.107565E+07  -0.278578E-01   0.594649E+06   0.594587E+06   0.101965E+00
   0.207694E+00   0.103178E+07   0.102677E+07   0.454973E+01   0.295825E+01   0.000000E+00   0.103093E+07   0.103093E+07   0.103093E+07  -0.267021E-01   0.569928E+06   0.569866E+06   0.100004E+00
   0.212764E+00   0.990904E+06   0.985841E+06   0.416380E+01   0.270741E+01   0.000000E+00   0.990053E+06   0.990053E+06   0.990053E+06  -0.256442E-01   0.547328E+06   0.547266E+06   0.968455E-01
   0.217835E+00   0.955044E+06   0.950057E+06   0.382945E+01   0.249038E+01   0.000000E+00   0.954207E+06   0.954207E+06   0.954207E+06  -0.247196E-01   0.527511E+06   0.527451E+06   0.922195E-01
   0.222906E+00   0.924435E+06   0.919649E+06   0.353993E+01   0.230207E+01   0.000000E+00   0.923631E+06   0.923631E+06   0.923631E+06  -0.239271E-01   0.510608E+06   0.510551E+06   0.863643E-01
   0.227976E+00   0.898312E+06   0.893819E+06   0.328764E+01   0.213764E+01   0.000000E+00   0.897558E+06   0.897558E+06   0.897558E+06  -0.232475E-01   0.496194E+06   0.496139E+06   0.798516E-01
   0.233047E+00   0.875288E+06   0.871125E+06   0.306512E+01   0.199278E+01   0.000000E+00   0.874589E+06   0.874589E+06   0.874589E+06  -0.226505E-01   0.483496E+06   0.483444E+06   0.733764E-01
   0.238118E+00   0.853805E+06   0.849956E+06   0.286405E+01   0.186205E+01   0.000000E+00   0.853159E+06   0.853159E+06   0.853159E+06  -0.220956E-01   0.471648E+06   0.471600E+06   0.675603E-01
   0.243189E+00   0.832484E+06   0.828887E+06   0.267742E+01   0.174073E+01   0.000000E+00   0.831880E+06   0.831880E+06   0.831880E+06  -0.215447E-01   0.459885E+06   0.459839E+06   0.628095E-01
   0.248259E+00   0.810402E+06   0.806972E+06   0.250115E+01   0.162616E+01   0.000000E+00   0.809826E+06   0.809826E+06   0.809826E+06  -0.209740E-01   0.447692E+06   0.447648E+06   0.592536E-01
   0.253330E+00   0.787278E+06   0.783931E+06   0.233334E+01   0.151701E+01   0.000000E+00   0.786716E+06   0.786716E+06   0.786716E+06  -0.203748E-01   0.434917E+06   0.434874E+06   0.567644E-01
   0.258401E+00   0.763436E+06   0.760104E+06   0.217487E+01   0.141404E+01   0.000000E+00   0.762876E+06   0.762876E+06   0.762876E+06  -0.197582E-01   0.421738E+06   0.421695E+06   0.550339E-01
   0.263471E+00   0.739546E+06   0.736196E+06   0.202643E+01   0.131753E+01   0.000000E+00   0.738984E+06   0.738984E+06   0.738984E+06  -0.191394E-01   0.408529E+06   0.408487E+06   0.536776E-01
   0.268542E+00   0.716373E+06   0.713003E+06   0.188943E+01   0.122845E+01   0.000000E+00   0.715807E+06   0.715807E+06   0.715807E+06  -0.185390E-01   0.395717E+06   0.395675E+06   0.523362E-01
   0.273613E+00   0.694599E+06   0.691234E+06   0.176452E+01   0.114718E+01   0.000000E+00   0.694034E+06   0.694034E+06   0.694034E+06  -0.179742E-01   0.383680E+06   0.383639E+06   0.507542E-01
   0.278683E+00   0.674702E+06   0.671384E+06   0.165227E+01   0.107424E+01   0.000000E+00   0.674145E+06   0.674145E+06   0.674145E+06  -0.174598E-01   0.372685E+06   0.372644E+06   0.488189E-01
   0.283754E+00   0.656843E+06   0.653616E+06   0.155158E+01   0.100878E+01   0.000000E+00   0.656301E+06   0.656301E+06   0.656301E+06  -0.169977E-01   0.362821E+06   0.362781E+06   0.465567E-01
   0.288825E+00   0.640828E+06   0.637726E+06   0.146122E+01   0.950081E+00   0.000000E+00   0.640308E+06   0.640308E+06   0.640308E+06  -0.165844E-01   0.353979E+06   0.353941E+06   0.440965E-01
   0.293896E+00   0.626196E+06   0.623236E+06   0.137897E+01   0.896578E+00   0.000000E+00   0.625699E+06   0.625699E+06   0.625699E+06  -0.162056E-01   0.345903E+06   0.345866E+06   0.416166E-01
   0.298966E+00   0.612390E+06   0.609572E+06   0.130311E+01   0.847211E+00   0.000000E+00   0.611917E+06   0.611917E+06   0.611917E+06  -0.158477E-01   0.338284E+06   0.338249E+06   0.392912E-01
   0.304037E+00   0.598923E+06   0.596228E+06   0.123234E+01   0.801208E+00   0.000000E+00   0.598471E+06   0.598471E+06   0.598471E+06  -0.154996E-01   0.330850E+06   0.330816E+06   0.372495E-01
   0.309108E+00   0.585448E+06   0.582848E+06   0.116567E+01   0.757944E+00   0.000000E+00   0.585012E+06   0.585012E+06   0.585012E+06  -0.151528E-01   0.323410E+06   0.323377E+06   0.355510E-01
   0.314178E+00   0.571790E+06   0.569254E+06   0.110199E+01   0.716532E+00   0.000000E+00   0.571364E+06   0.571364E+06   0.571364E+06  -0.147991E-01   0.315865E+06   0.315833E+06   0.341826E-01
   0.319249E+00   0.557963E+06   0.555464E+06   0.104133E+01   0.677051E+00   0.000000E+00   0.557543E+06   0.557543E+06   0.557543E+06  -0.144402E-01   0.308224E+06   0.308193E+06   0.330740E-01
   0.324320E+00   0.544159E+06   0.541683E+06   0.983894E+00   0.639651E+00   0.000000E+00   0.543743E+06   0.543743E+06   0.543743E+06  -0.140816E-01   0.300595E+06   0.300564E+06   0.321251E-01
   0.329390E+00   0.530671E+06   0.528212E+06   0.930274E+00   0.604824E+00   0.000000E+00   0.530258E+06   0.530258E+06   0.530258E+06  -0.137331E-01   0.293140E+06   0.293109E+06   0.312340E-01
   0.334461E+00   0.517762E+06   0.515325E+06   0.880401E+00   0.572428E+00   0.000000E+00   0.517353E+06   0.517353E+06   0.517353E+06  -0.133996E-01   0.286006E+06   0.285976E+06   0.303197E-01
   0.339532E+00   0.505594E+06   0.503192E+06   0.834273E+00   0.542455E+00   0.000000E+00   0.505191E+06   0.505191E+06   0.505191E+06  -0.130851E-01   0.279283E+06   0.279253E+06   0.293350E-01
   0.344603E+00   0.494228E+06   0.491874E+06   0.791823E+00   0.514899E+00   0.000000E+00   0.493832E+06   0.493832E+06   0.493832E+06  -0.127921E-01   0.273004E+06   0.272974E+06   0.282721E-01
   0.349673E+00   0.483642E+06   0.481350E+06   0.752593E+00   0.489402E+00   0.000000E+00   0.483258E+06   0.483258E+06   0.483258E+06  -0.125185E-01   0.267158E+06   0.267129E+06   0.271559E-01
   0.354744E+00   0.473734E+06   0.471511E+06   0.716167E+00   0.465683E+00   0.000000E+00   0.473361E+06   0.473361E+06   0.473361E+06  -0.122612E-01   0.261686E+06   0.261659E+06   0.260314E-01
   0.359815E+00   0.464320E+06   0.462167E+06   0.682261E+00   0.443623E+00   0.000000E+00   0.463958E+06   0.463958E+06   0.463958E+06  -0.120173E-01   0.256488E+06   0.256461E+06   0.249475E-01
   0.364885E+00   0.455200E+06   0.453113E+06   0.650368E+00   0.422872E+00   0.000000E+00   0.454850E+06   0.454850E+06   0.454850E+06  -0.117810E-01   0.251453E+06   0.251427E+06   0.239444E-01
   0.369956E+00   0.446228E+06   0.444197E+06   0.620197E+00   0.403255E+00   0.000000E+00   0.445887E+06   0.445887E+06   0.445887E+06  -0.115489E-01   0.246498E+06   0.246472E+06   0.230460E-01
   0.375027E+00   0.437326E+06   0.435342E+06   0.591456E+00   0.384552E+00   0.000000E+00   0.436993E+06   0.436993E+06   0.436993E+06  -0.113180E-01   0.241581E+06   0.241556E+06   0.222568E-01
   0.380097E+00   0.428480E+06   0.426531E+06   0.564127E+00   0.366782E+00   0.000000E+00   0.428152E+06   0.428152E+06   0.428152E+06  -0.110890E-01   0.236694E+06   0.236669E+06   0.215630E-01
   0.385168E+00   0.419718E+06   0.417798E+06   0.538140E+00   0.349887E+00   0.000000E+00   0.419396E+06   0.419396E+06   0.419396E+06  -0.108623E-01   0.231853E+06   0.231829E+06   0.209391E-01
   0.390239E+00   0.411121E+06   0.409225E+06   0.513514E+00   0.333879E+00   0.000000E+00   0.410803E+06   0.410803E+06   0.410803E+06  -0.106398E-01   0.227102E+06   0.227079E+06   0.203559E-01
   0.395310E+00   0.402778E+06   0.400907E+06   0.490252E+00   0.318749E+00   0.000000E+00   0.402464E+06   0.402464E+06   0.402464E+06  -0.104237E-01   0.222493E+06   0.222469E+06   0.197875E-01
   0.400380E+00   0.394762E+06   0.392918E+06   0.468400E+00   0.304542E+00   0.000000E+00   0.394452E+06   0.394452E+06   0.394452E+06  -0.102162E-01   0.218063E+06   0.218040E+06   0.192158E-01
   0.405451E+00   0.387103E+06   0.385291E+06   0.447930E+00   0.291246E+00   0.000000E+00   0.386799E+06   0.386799E+06   0.386799E+06  -0.100184E-01   0.213833E+06   0.213810E+06   0.186332E-01
   0.410522E+00   0.379805E+06   0.378028E+06   0.428677E+00   0.278720E+00   0.000000E+00   0.379506E+06   0.379506E+06   0.379506E+06  -0.982929E-02   0.209801E+06   0.209779E+06   0.180420E-01
   0.415592E+00   0.372841E+06   0.371102E+06   0.410576E+00   0.266939E+00   0.000000E+00   0.372549E+06   0.372549E+06   0.372549E+06  -0.964862E-02   0.205955E+06   0.205933E+06   0.174522E-01
   0.420663E+00   0.366159E+06   0.364460E+06   0.393549E+00   0.255866E+00   0.000000E+00   0.365874E+06   0.365874E+06   0.365874E+06  -0.947563E-02   0.202265E+06   0.202244E+06   0.168766E-01
   0.425734E+00   0.359693E+06   0.358032E+06   0.377500E+00   0.245451E+00   0.000000E+00   0.359414E+06   0.359414E+06   0.359414E+06  -0.930907E-02   0.198693E+06   0.198672E+06   0.163276E-01
   0.430804E+00   0.353381E+06   0.351756E+06   0.362239E+00   0.235542E+00   0.000000E+00   0.353108E+06   0.353108E+06   0.353108E+06  -0.914632E-02   0.195207E+06   0.195187E+06   0.158137E-01
   0.435875E+00   0.347186E+06   0.345593E+06   0.347622E+00   0.226025E+00   0.000000E+00   0.346919E+06   0.346919E+06   0.346919E+06  -0.898550E-02   0.191786E+06   0.191766E+06   0.153387E-01
   0.440946E+00   0.341091E+06   0.339526E+06   0.333709E+00   0.216979E+00   0.000000E+00   0.340828E+06   0.340828E+06   0.340828E+06  -0.882773E-02   0.188419E+06   0.188399E+06   0.149008E-01
   0.446017E+00   0.335092E+06   0.333552E+06   0.320383E+00   0.208299E+00   0.000000E+00   0.334833E+06   0.334833E+06   0.334833E+06  -0.867179E-02   0.185105E+06   0.185085E+06   0.144942E-01
   0.451087E+00   0.329203E+06   0.327686E+06   0.307710E+00   0.200057E+00   0.000000E+00   0.328948E+06   0.328948E+06   0.328948E+06  -0.851929E-02   0.181851E+06   0.181832E+06   0.141107E-01
   0.456158E+00   0.323452E+06   0.321957E+06   0.295663E+00   0.192230E+00   0.000000E+00   0.323201E+06   0.323201E+06   0.323201E+06  -0.837067E-02   0.178674E+06   0.178655E+06   0.137422E-01
   0.461229E+00   0.317869E+06   0.316395E+06   0.284208E+00   0.184783E+00   0.000000E+00   0.317621E+06   0.317621E+06   0.317621E+06  -0.822620E-02   0.175589E+06   0.175571E+06   0.133822E-01
   0.466299E+00   0.312467E+06   0.311016E+06   0.273363E+00   0.177742E+00   0.000000E+00   0.312223E+06   0.312223E+06   0.312223E+06  -0.808687E-02   0.172605E+06   0.172587E+06   0.130267E-01
   0.471370E+00   0.307246E+06   0.305819E+06   0.263036E+00   0.171025E+00   0.000000E+00   0.307007E+06   0.307007E+06   0.307007E+06  -0.795162E-02   0.169721E+06   0.169703E+06   0.126745E-01
   0.476441E+00   0.302200E+06   0.300797E+06   0.253239E+00   0.164655E+00   0.000000E+00   0.301965E+06   0.301965E+06   0.301965E+06  -0.782104E-02   0.166934E+06   0.166916E+06   0.123270E-01
   0.481511E+00   0.297318E+06   0.295940E+06   0.243949E+00   0.158621E+00   0.000000E+00   0.297087E+06   0.297087E+06   0.297087E+06  -0.769505E-02   0.164238E+06   0.164220E+06   0.119873E-01
   0.486582E+00   0.292582E+06   0.291229E+06   0.235093E+00   0.152866E+00   0.000000E+00   0.292355E+06   0.292355E+06   0.292355E+06  -0.757263E-02   0.161622E+06   0.161605E+06   0.116587E-01
   0.491653E+00   0.287966E+06   0.286637E+06   0.226627E+00   0.147358E+00   0.000000E+00   0.287743E+06   0.287743E+06   0.287743E+06  -0.745299E-02   0.159072E+06   0.159055E+06   0.113440E-01
   0.496724E+00   0.283448E+06   0.282141E+06   0.218518E+00   0.142077E+00   0.000000E+00   0.283229E+06   0.283229E+06   0.283229E+06  -0.733564E-02   0.156576E+06   0.156560E+06   0.110447E-01
   0.501794E+00   0.279019E+06   0.277734E+06   0.210799E+00   0.137065E+00   0.000000E+00   0.278803E+06   0.278803E+06   0.278803E+06  -0.722142E-02   0.154130E+06   0.154114E+06   0.107612E-01
   0.506865E+00   0.274678E+06   0.273412E+06   0.203390E+00   0.132249E+00   0.000000E+00   0.274466E+06   0.274466E+06   0.274466E+06  -0.710911E-02   0.151732E+06   0.151716E+06   0.104922E-01
   0.511936E+00   0.270424E+06   0.269176E+06   0.196267E+00   0.127608E+00   0.000000E+00   0.270214E+06   0.270214E+06   0.270214E+06  -0.699847E-02   0.149381E+06   0.149366E+06   0.102358E-01
   0.517006E+00   0.266257E+06   0.265027E+06   0.189468E+00   0.123186E+00   0.000000E+00   0.266050E+06   0.266050E+06   0.266050E+06  -0.689057E-02   0.147080E+06   0.147064E+06   0.998931E-02
   0.522077E+00   0.262185E+06   0.260973E+06   0.182973E+00   0.118967E+00   0.000000E+00   0.261982E+06   0.261982E+06   0.261982E+06  -0.678540E-02   0.144830E+06   0.144815E+06   0.975052E-02
   0.527148E+00   0.258219E+06   0.257024E+06   0.176769E+00   0.114938E+00   0.000000E+00   0.258019E+06   0.258019E+06   0.258019E+06  -0.668305E-02   0.142640E+06   0.142624E+06   0.951781E-02
   0.532218E+00   0.254360E+06   0.253182E+06   0.170807E+00   0.111056E+00   0.000000E+00   0.254162E+06   0.254162E+06   0.254162E+06  -0.658278E-02   0.140507E+06   0.140493E+06   0.929020E-02
   0.559946E+00   0.234923E+06   0.233838E+06   0.142535E+00   0.926789E-01   0.000000E+00   0.234741E+06   0.234741E+06   0.234741E+06  -0.608014E-02   0.129771E+06   0.129757E+06   0.814672E-02
   0.593872E+00   0.214060E+06   0.213071E+06   0.115444E+00   0.750579E-01   0.000000E+00   0.213894E+06   0.213894E+06   0.213894E+06  -0.553971E-02   0.118246E+06   0.118234E+06   0.701512E-02
   0.629853E+00   0.195006E+06   0.194106E+06   0.935015E-01   0.607937E-01   0.000000E+00   0.194855E+06   0.194855E+06   0.194855E+06  -0.504680E-02   0.107721E+06   0.107710E+06   0.603035E-02
   0.879031E+00   0.114002E+06   0.113475E+06   0.213605E-01   0.115429E-01   0.000000E+00   0.113913E+06   0.113913E+06   0.113913E+06  -0.255522E-02   0.629762E+05   0.629694E+05   0.255845E-02
   0.122679E+01   0.658399E+05   0.655358E+05   0.152711E-01   0.123608E-01   0.000000E+00   0.657889E+05   0.657889E+05   0.657889E+05  -0.250197E-02   0.363650E+05   0.363610E+05   0.108542E-02
   0.171212E+01   0.376287E+05   0.374547E+05  -0.128683E-02  -0.214029E-02   0.000000E+00   0.375995E+05   0.375995E+05   0.375995E+05  -0.140803E-03   0.207758E+05   0.207734E+05   0.465981E-03
   0.238945E+01   0.213126E+05   0.212138E+05  -0.313905E-02  -0.338745E-02   0.000000E+00   0.212960E+05   0.212960E+05   0.212960E+05   0.112465E-02   0.117738E+05   0.117723E+05   0.206183E-03
