#           k/h    P           
    0.10000E-03    0.43193E+03
    0.10202E-03    0.44038E+03
    0.10408E-03    0.44900E+03
    0.10618E-03    0.45779E+03
    0.10833E-03    0.46676E+03
    0.11052E-03    0.47590E+03
    0.11275E-03    0.48523E+03
    0.11503E-03    0.49475E+03
    0.11735E-03    0.50446E+03
    0.11972E-03    0.51436E+03
    0.12214E-03    0.52447E+03
    0.12461E-03    0.53477E+03
    0.12712E-03    0.54529E+03
    0.12969E-03    0.55602E+03
    0.13231E-03    0.56696E+03
    0.13499E-03    0.57813E+03
    0.13771E-03    0.58952E+03
    0.14049E-03    0.60115E+03
    0.14333E-03    0.61302E+03
    0.14623E-03    0.62512E+03
    0.14918E-03    0.63748E+03
    0.15220E-03    0.65008E+03
    0.15527E-03    0.66295E+03
    0.15841E-03    0.67609E+03
    0.16161E-03    0.68949E+03
    0.16487E-03    0.70317E+03
    0.16820E-03    0.71714E+03
    0.17160E-03    0.73139E+03
    0.17507E-03    0.74594E+03
    0.17860E-03    0.76080E+03
    0.18221E-03    0.77597E+03
    0.18589E-03    0.79146E+03
    0.18965E-03    0.80727E+03
    0.19348E-03    0.82342E+03
    0.19739E-03    0.83991E+03
    0.20138E-03    0.85675E+03
    0.20544E-03    0.87395E+03
    0.20959E-03    0.89152E+03
    0.21383E-03    0.90946E+03
    0.21815E-03    0.92779E+03
    0.22255E-03    0.94652E+03
    0.22705E-03    0.96565E+03
    0.23164E-03    0.98520E+03
    0.23632E-03    0.10052E+04
    0.24109E-03    0.10256E+04
    0.24596E-03    0.10465E+04
    0.25093E-03    0.10678E+04
    0.25600E-03    0.10896E+04
    0.26117E-03    0.11119E+04
    0.26645E-03    0.11346E+04
    0.27183E-03    0.11579E+04
    0.27732E-03    0.11817E+04
    0.28292E-03    0.12061E+04
    0.28864E-03    0.12310E+04
    0.29447E-03    0.12565E+04
    0.30042E-03    0.12825E+04
    0.30649E-03    0.13092E+04
    0.31268E-03    0.13364E+04
    0.31899E-03    0.13643E+04
    0.32544E-03    0.13929E+04
    0.33201E-03    0.14221E+04
    0.33872E-03    0.14520E+04
    0.34556E-03    0.14826E+04
    0.35254E-03    0.15139E+04
    0.35966E-03    0.15460E+04
    0.36693E-03    0.15788E+04
    0.37434E-03    0.16124E+04
    0.38190E-03    0.16469E+04
    0.38962E-03    0.16821E+04
    0.39749E-03    0.17183E+04
    0.40552E-03    0.17553E+04
    0.41371E-03    0.17932E+04
    0.42207E-03    0.18320E+04
    0.43060E-03    0.18718E+04
    0.43929E-03    0.19125E+04
    0.44817E-03    0.19543E+04
    0.45722E-03    0.19971E+04
    0.46646E-03    0.20410E+04
    0.47588E-03    0.20860E+04
    0.48550E-03    0.21320E+04
    0.49530E-03    0.21793E+04
    0.50531E-03    0.22277E+04
    0.51552E-03    0.22773E+04
    0.52593E-03    0.23282E+04
    0.53656E-03    0.23804E+04
    0.54739E-03    0.24339E+04
    0.55845E-03    0.24887E+04
    0.56973E-03    0.25449E+04
    0.58124E-03    0.26025E+04
    0.59299E-03    0.26615E+04
    0.60496E-03    0.27220E+04
    0.61719E-03    0.27841E+04
    0.62965E-03    0.28477E+04
    0.64237E-03    0.29128E+04
    0.65535E-03    0.29796E+04
    0.66859E-03    0.30480E+04
    0.68210E-03    0.31181E+04
    0.69588E-03    0.31899E+04
    0.70993E-03    0.32634E+04
    0.72427E-03    0.33388E+04
    0.73891E-03    0.34159E+04
    0.75383E-03    0.34948E+04
    0.76906E-03    0.35757E+04
    0.78460E-03    0.36584E+04
    0.80045E-03    0.37430E+04
    0.81662E-03    0.38296E+04
    0.83311E-03    0.39181E+04
    0.84994E-03    0.40087E+04
    0.86711E-03    0.41012E+04
    0.88463E-03    0.41958E+04
    0.90250E-03    0.42925E+04
    0.92073E-03    0.43913E+04
    0.93933E-03    0.44921E+04
    0.95831E-03    0.45951E+04
    0.97767E-03    0.47001E+04
    0.99742E-03    0.48074E+04
    0.10176E-02    0.49168E+04
    0.10381E-02    0.50284E+04
    0.10591E-02    0.51422E+04
    0.10805E-02    0.52582E+04
    0.11023E-02    0.53764E+04
    0.11246E-02    0.54968E+04
    0.11473E-02    0.56195E+04
    0.11705E-02    0.57444E+04
    0.11941E-02    0.58716E+04
    0.12182E-02    0.60011E+04
    0.12429E-02    0.61330E+04
    0.12680E-02    0.62671E+04
    0.12936E-02    0.64035E+04
    0.13197E-02    0.65423E+04
    0.13464E-02    0.66835E+04
    0.13736E-02    0.68270E+04
    0.14013E-02    0.69729E+04
    0.14296E-02    0.71212E+04
    0.14585E-02    0.72720E+04
    0.14880E-02    0.74252E+04
    0.15180E-02    0.75809E+04
    0.15487E-02    0.77391E+04
    0.15800E-02    0.78997E+04
    0.16119E-02    0.80629E+04
    0.16445E-02    0.82286E+04
    0.16777E-02    0.83969E+04
    0.17116E-02    0.85678E+04
    0.17462E-02    0.87412E+04
    0.17814E-02    0.89172E+04
    0.18174E-02    0.90959E+04
    0.18541E-02    0.92772E+04
    0.18916E-02    0.94612E+04
    0.19298E-02    0.96478E+04
    0.19688E-02    0.98371E+04
    0.20086E-02    0.10029E+05
    0.20491E-02    0.10224E+05
    0.20905E-02    0.10421E+05
    0.21328E-02    0.10621E+05
    0.21758E-02    0.10824E+05
    0.22198E-02    0.11030E+05
    0.22646E-02    0.11238E+05
    0.23104E-02    0.11449E+05
    0.23571E-02    0.11663E+05
    0.24047E-02    0.11879E+05
    0.24533E-02    0.12099E+05
    0.25028E-02    0.12321E+05
    0.25534E-02    0.12546E+05
    0.26050E-02    0.12773E+05
    0.26576E-02    0.13003E+05
    0.27113E-02    0.13236E+05
    0.27660E-02    0.13472E+05
    0.28219E-02    0.13710E+05
    0.28789E-02    0.13951E+05
    0.29371E-02    0.14195E+05
    0.29964E-02    0.14442E+05
    0.30569E-02    0.14690E+05
    0.31187E-02    0.14942E+05
    0.31817E-02    0.15196E+05
    0.32460E-02    0.15453E+05
    0.33115E-02    0.15712E+05
    0.33784E-02    0.15974E+05
    0.34467E-02    0.16238E+05
    0.35163E-02    0.16504E+05
    0.35874E-02    0.16773E+05
    0.36598E-02    0.17044E+05
    0.37338E-02    0.17317E+05
    0.38092E-02    0.17593E+05
    0.38861E-02    0.17871E+05
    0.39646E-02    0.18150E+05
    0.40447E-02    0.18432E+05
    0.41264E-02    0.18716E+05
    0.42098E-02    0.19001E+05
    0.42948E-02    0.19289E+05
    0.43816E-02    0.19578E+05
    0.44701E-02    0.19868E+05
    0.45604E-02    0.20160E+05
    0.46525E-02    0.20454E+05
    0.47465E-02    0.20749E+05
    0.48424E-02    0.21045E+05
    0.49402E-02    0.21342E+05
    0.50400E-02    0.21641E+05
    0.51419E-02    0.21940E+05
    0.52457E-02    0.22240E+05
    0.53517E-02    0.22541E+05
    0.54598E-02    0.22842E+05
    0.55701E-02    0.23143E+05
    0.56826E-02    0.23445E+05
    0.57974E-02    0.23747E+05
    0.59145E-02    0.24049E+05
    0.60340E-02    0.24350E+05
    0.61559E-02    0.24651E+05
    0.62803E-02    0.24952E+05
    0.64072E-02    0.25252E+05
    0.65366E-02    0.25551E+05
    0.66686E-02    0.25849E+05
    0.68033E-02    0.26145E+05
    0.69408E-02    0.26440E+05
    0.70810E-02    0.26733E+05
    0.72240E-02    0.27025E+05
    0.73700E-02    0.27314E+05
    0.75189E-02    0.27601E+05
    0.76708E-02    0.27885E+05
    0.78257E-02    0.28166E+05
    0.79838E-02    0.28444E+05
    0.81451E-02    0.28719E+05
    0.83096E-02    0.28990E+05
    0.84775E-02    0.29257E+05
    0.86488E-02    0.29520E+05
    0.88235E-02    0.29779E+05
    0.90017E-02    0.30032E+05
    0.91836E-02    0.30281E+05
    0.93691E-02    0.30524E+05
    0.95583E-02    0.30762E+05
    0.97514E-02    0.30993E+05
    0.99484E-02    0.31219E+05
    0.10149E-01    0.31437E+05
    0.10354E-01    0.31649E+05
    0.10564E-01    0.31853E+05
    0.10777E-01    0.32050E+05
    0.10995E-01    0.32239E+05
    0.11217E-01    0.32419E+05
    0.11443E-01    0.32590E+05
    0.11675E-01    0.32752E+05
    0.11910E-01    0.32904E+05
    0.12151E-01    0.33047E+05
    0.12397E-01    0.33181E+05
    0.12647E-01    0.33304E+05
    0.12902E-01    0.33416E+05
    0.13163E-01    0.33517E+05
    0.13429E-01    0.33605E+05
    0.13700E-01    0.33678E+05
    0.13977E-01    0.33738E+05
    0.14259E-01    0.33784E+05
    0.14547E-01    0.33819E+05
    0.14841E-01    0.33845E+05
    0.15141E-01    0.33864E+05
    0.15447E-01    0.33876E+05
    0.15759E-01    0.33881E+05
    0.16077E-01    0.33872E+05
    0.16402E-01    0.33847E+05
    0.16734E-01    0.33802E+05
    0.17072E-01    0.33734E+05
    0.17416E-01    0.33644E+05
    0.17768E-01    0.33534E+05
    0.18127E-01    0.33408E+05
    0.18493E-01    0.33267E+05
    0.18867E-01    0.33112E+05
    0.19248E-01    0.32943E+05
    0.19637E-01    0.32757E+05
    0.20034E-01    0.32550E+05
    0.20438E-01    0.32323E+05
    0.20851E-01    0.32072E+05
    0.21272E-01    0.31800E+05
    0.21702E-01    0.31510E+05
    0.22141E-01    0.31205E+05
    0.22588E-01    0.30887E+05
    0.23044E-01    0.30559E+05
    0.23510E-01    0.30221E+05
    0.23985E-01    0.29873E+05
    0.24469E-01    0.29514E+05
    0.24964E-01    0.29145E+05
    0.25468E-01    0.28766E+05
    0.25982E-01    0.28377E+05
    0.26507E-01    0.27976E+05
    0.27043E-01    0.27564E+05
    0.27589E-01    0.27140E+05
    0.28146E-01    0.26706E+05
    0.28715E-01    0.26261E+05
    0.29295E-01    0.25808E+05
    0.29887E-01    0.25348E+05
    0.30490E-01    0.24883E+05
    0.31106E-01    0.24413E+05
    0.31735E-01    0.23942E+05
    0.32376E-01    0.23470E+05
    0.33030E-01    0.23000E+05
    0.33697E-01    0.22533E+05
    0.34378E-01    0.22071E+05
    0.35072E-01    0.21614E+05
    0.35781E-01    0.21165E+05
    0.36504E-01    0.20722E+05
    0.37241E-01    0.20289E+05
    0.37993E-01    0.19864E+05
    0.38761E-01    0.19450E+05
    0.39544E-01    0.19046E+05
    0.40343E-01    0.18653E+05
    0.41158E-01    0.18273E+05
    0.41989E-01    0.17905E+05
    0.42838E-01    0.17550E+05
    0.43703E-01    0.17211E+05
    0.44586E-01    0.16889E+05
    0.45486E-01    0.16583E+05
    0.46405E-01    0.16295E+05
    0.47343E-01    0.16022E+05
    0.48299E-01    0.15763E+05
    0.49275E-01    0.15517E+05
    0.50270E-01    0.15284E+05
    0.51286E-01    0.15060E+05
    0.52322E-01    0.14847E+05
    0.53379E-01    0.14642E+05
    0.54457E-01    0.14445E+05
    0.55557E-01    0.14252E+05
    0.56680E-01    0.14063E+05
    0.57825E-01    0.13875E+05
    0.58993E-01    0.13686E+05
    0.60184E-01    0.13494E+05
    0.61400E-01    0.13298E+05
    0.62641E-01    0.13096E+05
    0.63906E-01    0.12885E+05
    0.65197E-01    0.12662E+05
    0.66514E-01    0.12424E+05
    0.67858E-01    0.12173E+05
    0.69229E-01    0.11914E+05
    0.70627E-01    0.11647E+05
    0.72054E-01    0.11371E+05
    0.73510E-01    0.11077E+05
    0.74994E-01    0.10761E+05
    0.76509E-01    0.10428E+05
    0.78055E-01    0.10084E+05
    0.79632E-01    0.97356E+04
    0.81241E-01    0.93847E+04
    0.82882E-01    0.90334E+04
    0.84556E-01    0.86852E+04
    0.86264E-01    0.83440E+04
    0.88007E-01    0.80136E+04
    0.89785E-01    0.76975E+04
    0.91598E-01    0.73990E+04
    0.93449E-01    0.71206E+04
    0.95337E-01    0.68648E+04
    0.97263E-01    0.66331E+04
    0.99227E-01    0.64261E+04
    0.10123E+00    0.62433E+04
    0.10328E+00    0.60838E+04
    0.10536E+00    0.59449E+04
    0.10749E+00    0.58238E+04
    0.10966E+00    0.57168E+04
    0.11188E+00    0.56197E+04
    0.11414E+00    0.55280E+04
    0.11644E+00    0.54369E+04
    0.11880E+00    0.53418E+04
    0.12120E+00    0.52382E+04
    0.12365E+00    0.51226E+04
    0.12614E+00    0.49926E+04
    0.12869E+00    0.48471E+04
    0.13129E+00    0.46868E+04
    0.13394E+00    0.45135E+04
    0.13665E+00    0.43304E+04
    0.13941E+00    0.41411E+04
    0.14223E+00    0.39503E+04
    0.14510E+00    0.37628E+04
    0.14803E+00    0.35842E+04
    0.15102E+00    0.34191E+04
    0.15407E+00    0.32719E+04
    0.15718E+00    0.31444E+04
    0.16036E+00    0.30369E+04
    0.16360E+00    0.29473E+04
    0.16690E+00    0.28722E+04
    0.17028E+00    0.28077E+04
    0.17371E+00    0.27493E+04
    0.17722E+00    0.26923E+04
    0.18080E+00    0.26319E+04
    0.18446E+00    0.25635E+04
    0.18818E+00    0.24844E+04
    0.19198E+00    0.23943E+04
    0.19586E+00    0.22953E+04
    0.19982E+00    0.21913E+04
    0.20386E+00    0.20868E+04
    0.20797E+00    0.19860E+04
    0.21218E+00    0.18928E+04
    0.21646E+00    0.18105E+04
    0.22083E+00    0.17403E+04
    0.22530E+00    0.16818E+04
    0.22985E+00    0.16324E+04
    0.23449E+00    0.15885E+04
    0.23923E+00    0.15460E+04
    0.24406E+00    0.15012E+04
    0.24899E+00    0.14515E+04
    0.25402E+00    0.13963E+04
    0.25915E+00    0.13369E+04
    0.26439E+00    0.12759E+04
    0.26973E+00    0.12165E+04
    0.27518E+00    0.11615E+04
    0.28074E+00    0.11128E+04
    0.28641E+00    0.10708E+04
    0.29219E+00    0.10342E+04
    0.29810E+00    0.10007E+04
    0.30412E+00    0.96766E+03
    0.31026E+00    0.93330E+03
    0.31653E+00    0.89676E+03
    0.32292E+00    0.85856E+03
    0.32945E+00    0.82041E+03
    0.33610E+00    0.78421E+03
    0.34289E+00    0.75109E+03
    0.34982E+00    0.72135E+03
    0.35689E+00    0.69444E+03
    0.36409E+00    0.66898E+03
    0.37145E+00    0.64365E+03
    0.37895E+00    0.61786E+03
    0.38661E+00    0.59175E+03
    0.39442E+00    0.56612E+03
    0.40239E+00    0.54185E+03
    0.41052E+00    0.51937E+03
    0.41881E+00    0.49858E+03
    0.42727E+00    0.47888E+03
    0.43590E+00    0.45964E+03
    0.44471E+00    0.44057E+03
    0.45369E+00    0.42179E+03
    0.46286E+00    0.40371E+03
    0.47221E+00    0.38663E+03
    0.48174E+00    0.37056E+03
    0.49148E+00    0.35527E+03
    0.50141E+00    0.34045E+03
    0.51153E+00    0.32601E+03
    0.52187E+00    0.31202E+03
    0.53241E+00    0.29864E+03
    0.54317E+00    0.28595E+03
    0.55414E+00    0.27382E+03
    0.56533E+00    0.26214E+03
    0.57675E+00    0.25086E+03
    0.58840E+00    0.24002E+03
    0.60029E+00    0.22964E+03
    0.61242E+00    0.21972E+03
    0.62479E+00    0.21022E+03
    0.63741E+00    0.20111E+03
    0.65029E+00    0.19238E+03
    0.66342E+00    0.18399E+03
    0.67683E+00    0.17596E+03
    0.69050E+00    0.16825E+03
    0.70445E+00    0.16086E+03
    0.71868E+00    0.15378E+03
    0.73320E+00    0.14700E+03
    0.74801E+00    0.14050E+03
    0.76312E+00    0.13427E+03
    0.77854E+00    0.12831E+03
    0.79426E+00    0.12260E+03
    0.81031E+00    0.11713E+03
    0.82668E+00    0.11190E+03
    0.84338E+00    0.10689E+03
    0.86041E+00    0.10209E+03
    0.87780E+00    0.97505E+02
    0.89553E+00    0.93116E+02
    0.91362E+00    0.88917E+02
    0.93208E+00    0.84901E+02
    0.95091E+00    0.81059E+02
    0.97011E+00    0.77386E+02
    0.98971E+00    0.73873E+02
    0.10097E+01    0.70514E+02
    0.10301E+01    0.67302E+02
    0.10509E+01    0.64232E+02
    0.10721E+01    0.61297E+02
    0.10938E+01    0.58492E+02
    0.11159E+01    0.55811E+02
    0.11384E+01    0.53248E+02
    0.11614E+01    0.50800E+02
    0.11849E+01    0.48461E+02
    0.12088E+01    0.46225E+02
    0.12333E+01    0.44090E+02
    0.12582E+01    0.42050E+02
    0.12836E+01    0.40102E+02
    0.13095E+01    0.38241E+02
    0.13360E+01    0.36464E+02
    0.13630E+01    0.34767E+02
    0.13905E+01    0.33146E+02
    0.14186E+01    0.31598E+02
    0.14472E+01    0.30121E+02
    0.14765E+01    0.28710E+02
    0.15063E+01    0.27363E+02
    0.15367E+01    0.26078E+02
    0.15678E+01    0.24851E+02
    0.15994E+01    0.23680E+02
    0.16318E+01    0.22562E+02
    0.16647E+01    0.21495E+02
    0.16984E+01    0.20478E+02
    0.17327E+01    0.19506E+02
    0.17677E+01    0.18580E+02
    0.18034E+01    0.17696E+02
    0.18398E+01    0.16853E+02
    0.18770E+01    0.16050E+02
    0.19149E+01    0.15284E+02
    0.19536E+01    0.14553E+02
    0.19930E+01    0.13857E+02
    0.20333E+01    0.13194E+02
    0.20744E+01    0.12561E+02
    0.21163E+01    0.11959E+02
    0.21590E+01    0.11385E+02
    0.22026E+01    0.10839E+02
    0.22471E+01    0.10319E+02
    0.22925E+01    0.98230E+01
    0.23388E+01    0.93512E+01
    0.23861E+01    0.89019E+01
