#          k/h    CDM            baryon         photon         nu             mass_nu        total          no_nu          total_de       Weyl           v_CDM          v_b            v_b-v_c     
   0.967677E-05   0.182269E+08   0.182269E+08   0.242877E+08   0.242872E+08   0.000000E+00   0.182269E+08   0.182269E+08   0.182344E+08  -0.419026E+00   0.938125E+07   0.938125E+07   0.655601E+01
   0.106882E-04   0.182270E+08   0.182270E+08   0.242845E+08   0.242840E+08   0.000000E+00   0.182270E+08   0.182270E+08   0.182345E+08  -0.419034E+00   0.938131E+07   0.938131E+07   0.724102E+01
   0.118053E-04   0.182271E+08   0.182271E+08   0.242807E+08   0.242800E+08   0.000000E+00   0.182271E+08   0.182271E+08   0.182346E+08  -0.419043E+00   0.938139E+07   0.938139E+07   0.799754E+01
   0.130392E-04   0.182272E+08   0.182272E+08   0.242760E+08   0.242752E+08   0.000000E+00   0.182272E+08   0.182272E+08   0.182347E+08  -0.419054E+00   0.938148E+07   0.938148E+07   0.883303E+01
   0.144020E-04   0.182273E+08   0.182273E+08   0.242703E+08   0.242693E+08   0.000000E+00   0.182273E+08   0.182273E+08   0.182348E+08  -0.419068E+00   0.938159E+07   0.938159E+07   0.975570E+01
   0.159073E-04   0.182275E+08   0.182275E+08   0.242633E+08   0.242621E+08   0.000000E+00   0.182275E+08   0.182275E+08   0.182350E+08  -0.419085E+00   0.938172E+07   0.938172E+07   0.107746E+02
   0.175699E-04   0.182278E+08   0.182278E+08   0.242548E+08   0.242534E+08   0.000000E+00   0.182278E+08   0.182278E+08   0.182352E+08  -0.419106E+00   0.938189E+07   0.938189E+07   0.118998E+02
   0.194063E-04   0.182280E+08   0.182280E+08   0.242444E+08   0.242427E+08   0.000000E+00   0.182280E+08   0.182280E+08   0.182355E+08  -0.419131E+00   0.938209E+07   0.938209E+07   0.131422E+02
   0.214346E-04   0.182284E+08   0.182284E+08   0.242318E+08   0.242296E+08   0.000000E+00   0.182284E+08   0.182284E+08   0.182358E+08  -0.419162E+00   0.938233E+07   0.938233E+07   0.145140E+02
   0.236749E-04   0.182288E+08   0.182288E+08   0.242163E+08   0.242137E+08   0.000000E+00   0.182288E+08   0.182288E+08   0.182363E+08  -0.419199E+00   0.938263E+07   0.938263E+07   0.160286E+02
   0.261494E-04   0.182293E+08   0.182293E+08   0.241975E+08   0.241943E+08   0.000000E+00   0.182293E+08   0.182293E+08   0.182367E+08  -0.419245E+00   0.938300E+07   0.938299E+07   0.177006E+02
   0.288824E-04   0.182299E+08   0.182299E+08   0.241746E+08   0.241707E+08   0.000000E+00   0.182299E+08   0.182299E+08   0.182373E+08  -0.419301E+00   0.938344E+07   0.938344E+07   0.195463E+02
   0.319012E-04   0.182306E+08   0.182306E+08   0.241466E+08   0.241419E+08   0.000000E+00   0.182306E+08   0.182306E+08   0.182381E+08  -0.419369E+00   0.938398E+07   0.938398E+07   0.215834E+02
   0.352355E-04   0.182315E+08   0.182315E+08   0.241126E+08   0.241068E+08   0.000000E+00   0.182315E+08   0.182315E+08   0.182390E+08  -0.419452E+00   0.938464E+07   0.938464E+07   0.238313E+02
   0.389182E-04   0.182326E+08   0.182326E+08   0.240711E+08   0.240640E+08   0.000000E+00   0.182326E+08   0.182326E+08   0.182401E+08  -0.419553E+00   0.938545E+07   0.938544E+07   0.263114E+02
   0.429859E-04   0.182340E+08   0.182340E+08   0.240205E+08   0.240119E+08   0.000000E+00   0.182340E+08   0.182340E+08   0.182414E+08  -0.419677E+00   0.938643E+07   0.938642E+07   0.290470E+02
   0.474787E-04   0.182356E+08   0.182356E+08   0.239590E+08   0.239485E+08   0.000000E+00   0.182356E+08   0.182356E+08   0.182430E+08  -0.419827E+00   0.938762E+07   0.938762E+07   0.320636E+02
   0.524411E-04   0.182376E+08   0.182376E+08   0.238841E+08   0.238713E+08   0.000000E+00   0.182376E+08   0.182376E+08   0.182450E+08  -0.420010E+00   0.938908E+07   0.938908E+07   0.353888E+02
   0.579222E-04   0.182400E+08   0.182400E+08   0.237930E+08   0.237775E+08   0.000000E+00   0.182400E+08   0.182400E+08   0.182474E+08  -0.420234E+00   0.939086E+07   0.939085E+07   0.390524E+02
   0.639762E-04   0.182430E+08   0.182430E+08   0.236822E+08   0.236633E+08   0.000000E+00   0.182430E+08   0.182430E+08   0.182503E+08  -0.420506E+00   0.939303E+07   0.939302E+07   0.430869E+02
   0.706629E-04   0.182466E+08   0.182466E+08   0.235477E+08   0.235247E+08   0.000000E+00   0.182466E+08   0.182466E+08   0.182539E+08  -0.420837E+00   0.939566E+07   0.939565E+07   0.475267E+02
   0.780485E-04   0.182510E+08   0.182509E+08   0.233844E+08   0.233566E+08   0.000000E+00   0.182510E+08   0.182510E+08   0.182582E+08  -0.421241E+00   0.939888E+07   0.939886E+07   0.524087E+02
   0.862060E-04   0.182563E+08   0.182563E+08   0.231865E+08   0.231527E+08   0.000000E+00   0.182563E+08   0.182563E+08   0.182635E+08  -0.421732E+00   0.940278E+07   0.940277E+07   0.577715E+02
   0.952161E-04   0.182629E+08   0.182628E+08   0.229470E+08   0.229061E+08   0.000000E+00   0.182628E+08   0.182628E+08   0.182699E+08  -0.422329E+00   0.940754E+07   0.940752E+07   0.636555E+02
   0.105168E-03   0.182708E+08   0.182707E+08   0.226575E+08   0.226081E+08   0.000000E+00   0.182708E+08   0.182708E+08   0.182778E+08  -0.423055E+00   0.941332E+07   0.941329E+07   0.701016E+02
   0.116160E-03   0.182804E+08   0.182803E+08   0.223086E+08   0.222489E+08   0.000000E+00   0.182804E+08   0.182804E+08   0.182873E+08  -0.423936E+00   0.942033E+07   0.942030E+07   0.771508E+02
   0.128301E-03   0.182921E+08   0.182920E+08   0.218889E+08   0.218170E+08   0.000000E+00   0.182921E+08   0.182921E+08   0.182988E+08  -0.425005E+00   0.942884E+07   0.942881E+07   0.848425E+02
   0.141711E-03   0.183063E+08   0.183061E+08   0.213859E+08   0.212996E+08   0.000000E+00   0.183062E+08   0.183062E+08   0.183128E+08  -0.426300E+00   0.943916E+07   0.943912E+07   0.932124E+02
   0.156522E-03   0.183234E+08   0.183232E+08   0.207852E+08   0.206820E+08   0.000000E+00   0.183234E+08   0.183234E+08   0.183298E+08  -0.427867E+00   0.945165E+07   0.945160E+07   0.102290E+03
   0.172882E-03   0.183442E+08   0.183440E+08   0.200715E+08   0.199486E+08   0.000000E+00   0.183442E+08   0.183442E+08   0.183503E+08  -0.429759E+00   0.946673E+07   0.946667E+07   0.112094E+03
   0.190951E-03   0.183693E+08   0.183690E+08   0.192285E+08   0.190828E+08   0.000000E+00   0.183692E+08   0.183692E+08   0.183752E+08  -0.432039E+00   0.948491E+07   0.948484E+07   0.122631E+03
   0.210909E-03   0.183995E+08   0.183992E+08   0.182398E+08   0.180683E+08   0.000000E+00   0.183994E+08   0.183994E+08   0.184051E+08  -0.434778E+00   0.950677E+07   0.950668E+07   0.133883E+03
   0.232953E-03   0.184358E+08   0.184354E+08   0.170909E+08   0.168906E+08   0.000000E+00   0.184357E+08   0.184357E+08   0.184410E+08  -0.438059E+00   0.953296E+07   0.953286E+07   0.145807E+03
   0.257301E-03   0.184793E+08   0.184788E+08   0.157705E+08   0.155390E+08   0.000000E+00   0.184792E+08   0.184792E+08   0.184840E+08  -0.441973E+00   0.956423E+07   0.956411E+07   0.158321E+03
   0.284193E-03   0.185311E+08   0.185306E+08   0.142738E+08   0.140095E+08   0.000000E+00   0.185310E+08   0.185310E+08   0.185354E+08  -0.446620E+00   0.960138E+07   0.960124E+07   0.171298E+03
   0.313897E-03   0.185926E+08   0.185920E+08   0.126066E+08   0.123093E+08   0.000000E+00   0.185925E+08   0.185925E+08   0.185964E+08  -0.452105E+00   0.964527E+07   0.964510E+07   0.184551E+03
   0.346705E-03   0.186652E+08   0.186644E+08   0.107891E+08   0.104610E+08   0.000000E+00   0.186651E+08   0.186651E+08   0.186684E+08  -0.458534E+00   0.969677E+07   0.969656E+07   0.197826E+03
   0.382942E-03   0.187502E+08   0.187493E+08   0.886157E+07   0.850811E+07   0.000000E+00   0.187500E+08   0.187500E+08   0.187527E+08  -0.466007E+00   0.975669E+07   0.975645E+07   0.210793E+03
   0.422966E-03   0.188489E+08   0.188478E+08   0.688809E+07   0.651848E+07   0.000000E+00   0.188487E+08   0.188487E+08   0.188508E+08  -0.474608E+00   0.982572E+07   0.982544E+07   0.223044E+03
   0.467174E-03   0.189622E+08   0.189609E+08   0.495782E+07   0.458580E+07   0.000000E+00   0.189620E+08   0.189620E+08   0.189635E+08  -0.484391E+00   0.990430E+07   0.990397E+07   0.234099E+03
   0.516003E-03   0.190908E+08   0.190893E+08   0.318105E+07   0.282458E+07   0.000000E+00   0.190906E+08   0.190906E+08   0.190915E+08  -0.495365E+00   0.999247E+07   0.999209E+07   0.243431E+03
   0.569935E-03   0.192345E+08   0.192327E+08   0.167640E+07   0.135619E+07   0.000000E+00   0.192342E+08   0.192342E+08   0.192347E+08  -0.507481E+00   0.100898E+08   0.100893E+08   0.250501E+03
   0.629503E-03   0.193922E+08   0.193901E+08   0.547262E+06   0.283586E+06   0.000000E+00   0.193918E+08   0.193918E+08   0.193919E+08  -0.520617E+00   0.101950E+08   0.101945E+08   0.254814E+03
   0.695298E-03   0.195615E+08   0.195591E+08  -0.150741E+06  -0.342895E+06   0.000000E+00   0.195611E+08   0.195611E+08   0.195610E+08  -0.534577E+00   0.103063E+08   0.103057E+08   0.255991E+03
   0.767970E-03   0.197389E+08   0.197362E+08  -0.441993E+06  -0.558542E+06   0.000000E+00   0.197384E+08   0.197384E+08   0.197383E+08  -0.549104E+00   0.104209E+08   0.104204E+08   0.253828E+03
   0.848237E-03   0.199194E+08   0.199164E+08  -0.443613E+06  -0.495307E+06   0.000000E+00   0.199189E+08   0.199189E+08   0.199188E+08  -0.563911E+00   0.105358E+08   0.105352E+08   0.248334E+03
   0.936893E-03   0.200973E+08   0.200939E+08  -0.335288E+06  -0.346540E+06   0.000000E+00   0.200967E+08   0.200967E+08   0.200966E+08  -0.578730E+00   0.106476E+08   0.106469E+08   0.239721E+03
   0.103482E-02   0.202660E+08   0.202624E+08  -0.278093E+06  -0.278298E+06   0.000000E+00   0.202654E+08   0.202654E+08   0.202653E+08  -0.593362E+00   0.107532E+08   0.107525E+08   0.228335E+03
   0.114297E-02   0.204198E+08   0.204159E+08  -0.318981E+06  -0.328656E+06   0.000000E+00   0.204192E+08   0.204192E+08   0.204191E+08  -0.607716E+00   0.108505E+08   0.108497E+08   0.214578E+03
   0.126244E-02   0.205539E+08   0.205498E+08  -0.368749E+06  -0.389514E+06   0.000000E+00   0.205532E+08   0.205532E+08   0.205531E+08  -0.621798E+00   0.109381E+08   0.109373E+08   0.198892E+03
   0.139438E-02   0.206649E+08   0.206607E+08  -0.319149E+06  -0.337790E+06   0.000000E+00   0.206642E+08   0.206642E+08   0.206641E+08  -0.635661E+00   0.110156E+08   0.110148E+08   0.181837E+03
   0.154012E-02   0.207511E+08   0.207469E+08  -0.203234E+06   0.121665E+06   0.000000E+00   0.207504E+08   0.207504E+08   0.207504E+08  -0.649334E+00   0.110829E+08   0.110822E+08   0.164178E+03
   0.170109E-02   0.208118E+08   0.208075E+08  -0.155088E+06   0.175679E+06   0.000000E+00   0.208111E+08   0.208111E+08   0.208111E+08  -0.662780E+00   0.111400E+08   0.111393E+08   0.146822E+03
   0.187889E-02   0.208465E+08   0.208423E+08  -0.168621E+06   0.204822E+06   0.000000E+00   0.208458E+08   0.208458E+08   0.208458E+08  -0.675908E+00   0.111863E+08   0.111855E+08   0.130594E+03
   0.207527E-02   0.208551E+08   0.208508E+08  -0.117329E+06   0.216442E+06   0.000000E+00   0.208544E+08   0.208544E+08   0.208544E+08  -0.688590E+00   0.112211E+08   0.112204E+08   0.116089E+03
   0.229217E-02   0.208371E+08   0.208328E+08  -0.598206E+05   0.215968E+06   0.000000E+00   0.208364E+08   0.208364E+08   0.208364E+08  -0.700667E+00   0.112437E+08   0.112429E+08   0.103675E+03
   0.253175E-02   0.207924E+08   0.207880E+08  -0.621955E+05   0.207408E+06   0.000000E+00   0.207917E+08   0.207917E+08   0.207917E+08  -0.711957E+00   0.112530E+08   0.112523E+08   0.933359E+02
   0.279636E-02   0.207205E+08   0.207159E+08  -0.272062E+05   0.193721E+06   0.000000E+00   0.207197E+08   0.207197E+08   0.207197E+08  -0.722264E+00   0.112481E+08   0.112474E+08   0.846106E+02
   0.308864E-02   0.206207E+08   0.206159E+08  -0.228240E+05   0.177090E+06   0.000000E+00   0.206199E+08   0.206199E+08   0.206199E+08  -0.731393E+00   0.112280E+08   0.112273E+08   0.768662E+02
   0.341146E-02   0.204925E+08   0.204874E+08  -0.876704E+04   0.159099E+06   0.000000E+00   0.204917E+08   0.204917E+08   0.204917E+08  -0.739150E+00   0.111915E+08   0.111908E+08   0.695541E+02
   0.376802E-02   0.203351E+08   0.203298E+08  -0.805508E+04   0.140873E+06   0.000000E+00   0.203342E+08   0.203342E+08   0.203342E+08  -0.745347E+00   0.111377E+08   0.111370E+08   0.625355E+02
   0.416184E-02   0.201477E+08   0.201420E+08   0.792476E+04   0.123184E+06   0.000000E+00   0.201468E+08   0.201468E+08   0.201468E+08  -0.749811E+00   0.110656E+08   0.110649E+08   0.560498E+02
   0.459683E-02   0.199294E+08   0.199234E+08   0.118695E+05   0.106538E+06   0.000000E+00   0.199284E+08   0.199284E+08   0.199284E+08  -0.752382E+00   0.109744E+08   0.109737E+08   0.503671E+02
   0.507729E-02   0.196793E+08   0.196727E+08   0.877129E+04   0.912396E+05   0.000000E+00   0.196782E+08   0.196782E+08   0.196782E+08  -0.752919E+00   0.108631E+08   0.108624E+08   0.454172E+02
   0.560796E-02   0.193964E+08   0.193892E+08   0.111142E+05   0.774425E+05   0.000000E+00   0.193952E+08   0.193952E+08   0.193952E+08  -0.751304E+00   0.107311E+08   0.107304E+08   0.409019E+02
   0.619410E-02   0.190797E+08   0.190718E+08   0.935344E+04   0.651937E+05   0.000000E+00   0.190784E+08   0.190784E+08   0.190784E+08  -0.747440E+00   0.105776E+08   0.105769E+08   0.367262E+02
   0.684149E-02   0.187282E+08   0.187193E+08   0.998142E+04   0.544638E+05   0.000000E+00   0.187267E+08   0.187267E+08   0.187267E+08  -0.741249E+00   0.104021E+08   0.104014E+08   0.330204E+02
   0.755656E-02   0.183407E+08   0.183308E+08   0.101736E+05   0.451736E+05   0.000000E+00   0.183390E+08   0.183390E+08   0.183390E+08  -0.732678E+00   0.102039E+08   0.102032E+08   0.297392E+02
   0.834636E-02   0.179162E+08   0.179051E+08   0.104676E+05   0.372123E+05   0.000000E+00   0.179143E+08   0.179143E+08   0.179143E+08  -0.721687E+00   0.998247E+07   0.998180E+07   0.267611E+02
   0.921871E-02   0.174535E+08   0.174409E+08   0.815652E+04   0.304529E+05   0.000000E+00   0.174514E+08   0.174514E+08   0.174514E+08  -0.708256E+00   0.973738E+07   0.973671E+07   0.241136E+02
   0.101822E-01   0.169516E+08   0.169372E+08   0.831842E+04   0.247619E+05   0.000000E+00   0.169492E+08   0.169492E+08   0.169492E+08  -0.692376E+00   0.946810E+07   0.946743E+07   0.217523E+02
   0.112465E-01   0.164092E+08   0.163928E+08   0.608506E+04   0.200073E+05   0.000000E+00   0.164065E+08   0.164065E+08   0.164065E+08  -0.674051E+00   0.917417E+07   0.917350E+07   0.196463E+02
   0.124219E-01   0.158255E+08   0.158067E+08   0.540255E+04   0.160635E+05   0.000000E+00   0.158223E+08   0.158223E+08   0.158223E+08  -0.653295E+00   0.885521E+07   0.885454E+07   0.177733E+02
   0.137203E-01   0.151994E+08   0.151779E+08   0.449807E+04   0.128142E+05   0.000000E+00   0.151958E+08   0.151958E+08   0.151958E+08  -0.630137E+00   0.851095E+07   0.851028E+07   0.161054E+02
   0.151543E-01   0.145308E+08   0.145062E+08   0.422180E+04   0.101546E+05   0.000000E+00   0.145267E+08   0.145267E+08   0.145267E+08  -0.604624E+00   0.814135E+07   0.814069E+07   0.146161E+02
   0.167382E-01   0.138416E+08   0.138137E+08   0.302364E+04   0.800417E+04   0.000000E+00   0.138369E+08   0.138369E+08   0.138369E+08  -0.577745E+00   0.775901E+07   0.775834E+07   0.132954E+02
   0.184876E-01   0.130932E+08   0.130615E+08   0.238459E+04   0.625567E+04   0.000000E+00   0.130878E+08   0.130878E+08   0.130879E+08  -0.547943E+00   0.734233E+07   0.734166E+07   0.120879E+02
   0.204199E-01   0.123073E+08   0.122718E+08   0.201722E+04   0.485210E+04   0.000000E+00   0.123013E+08   0.123013E+08   0.123013E+08  -0.516190E+00   0.690374E+07   0.690307E+07   0.109813E+02
   0.225542E-01   0.114739E+08   0.114345E+08   0.160644E+04   0.372853E+04   0.000000E+00   0.114673E+08   0.114673E+08   0.114673E+08  -0.482121E+00   0.643777E+07   0.643710E+07   0.994184E+01
   0.249115E-01   0.106304E+08   0.105874E+08   0.129376E+04   0.284463E+04   0.000000E+00   0.106232E+08   0.106232E+08   0.106232E+08  -0.447355E+00   0.596551E+07   0.596484E+07   0.895737E+01
   0.275152E-01   0.978509E+07   0.973906E+07   0.927249E+03   0.215451E+04   0.000000E+00   0.977736E+07   0.977736E+07   0.977736E+07  -0.412294E+00   0.549178E+07   0.549112E+07   0.800180E+01
   0.303911E-01   0.893798E+07   0.888988E+07   0.724992E+03   0.161823E+04   0.000000E+00   0.892990E+07   0.892990E+07   0.892991E+07  -0.376984E+00   0.501672E+07   0.501608E+07   0.704904E+01
   0.335675E-01   0.811377E+07   0.806503E+07   0.545530E+03   0.120726E+04   0.000000E+00   0.810558E+07   0.810558E+07   0.810558E+07  -0.342506E+00   0.455434E+07   0.455373E+07   0.608943E+01
   0.370760E-01   0.734356E+07   0.729608E+07   0.407270E+03   0.897586E+03   0.000000E+00   0.733559E+07   0.733559E+07   0.733559E+07  -0.310212E+00   0.412223E+07   0.412166E+07   0.512559E+01
   0.409511E-01   0.664617E+07   0.660211E+07   0.314242E+03   0.667091E+03   0.000000E+00   0.663877E+07   0.663877E+07   0.663877E+07  -0.280926E+00   0.373105E+07   0.373054E+07   0.417115E+01
   0.450462E-01   0.605907E+07   0.602028E+07   0.705211E+03   0.503371E+03   0.000000E+00   0.605256E+07   0.605256E+07   0.605256E+07  -0.256251E+00   0.340188E+07   0.340143E+07   0.329424E+01
   0.491413E-01   0.560206E+07   0.556940E+07   0.548394E+03   0.391547E+03   0.000000E+00   0.559658E+07   0.559658E+07   0.559658E+07  -0.237040E+00   0.314579E+07   0.314541E+07   0.256312E+01
   0.532364E-01   0.523530E+07   0.520876E+07   0.437023E+03   0.312097E+03   0.000000E+00   0.523084E+07   0.523084E+07   0.523084E+07  -0.221617E+00   0.294035E+07   0.294004E+07   0.198097E+01
   0.573315E-01   0.492733E+07   0.490618E+07   0.354883E+03   0.253480E+03   0.000000E+00   0.492378E+07   0.492378E+07   0.492378E+07  -0.208658E+00   0.276786E+07   0.276759E+07   0.154324E+01
   0.614266E-01   0.465196E+07   0.463494E+07   0.292143E+03   0.208731E+03   0.000000E+00   0.464910E+07   0.464910E+07   0.464910E+07  -0.197105E+00   0.261354E+07   0.261331E+07   0.123596E+01
   0.655218E-01   0.439117E+07   0.437678E+07   0.242045E+03   0.172834E+03   0.000000E+00   0.438875E+07   0.438875E+07   0.438875E+07  -0.185904E+00   0.246724E+07   0.246704E+07   0.103795E+01
   0.696169E-01   0.413383E+07   0.412061E+07   0.201898E+03   0.144180E+03   0.000000E+00   0.413161E+07   0.413161E+07   0.413161E+07  -0.175034E+00   0.232272E+07   0.232253E+07   0.923338E+00
   0.737120E-01   0.388293E+07   0.386966E+07   0.169203E+03   0.120844E+03   0.000000E+00   0.388071E+07   0.388071E+07   0.388071E+07  -0.164429E+00   0.218172E+07   0.218153E+07   0.866131E+00
   0.778071E-01   0.362702E+07   0.361289E+07   0.142048E+03   0.101509E+03   0.000000E+00   0.362465E+07   0.362465E+07   0.362465E+07  -0.153708E+00   0.203782E+07   0.203762E+07   0.838753E+00
   0.819022E-01   0.337899E+07   0.336367E+07   0.119562E+03   0.854804E+02   0.000000E+00   0.337642E+07   0.337642E+07   0.337642E+07  -0.143280E+00   0.189827E+07   0.189807E+07   0.821560E+00
   0.859973E-01   0.314648E+07   0.313004E+07   0.100825E+03   0.720419E+02   0.000000E+00   0.314372E+07   0.314372E+07   0.314372E+07  -0.133289E+00   0.176746E+07   0.176725E+07   0.799661E+00
   0.910681E-01   0.289033E+07   0.287313E+07   0.826330E+02   0.590579E+02   0.000000E+00   0.288744E+07   0.288744E+07   0.288744E+07  -0.122467E+00   0.162341E+07   0.162321E+07   0.753793E+00
   0.961388E-01   0.267761E+07   0.266065E+07   0.687161E+02   0.491202E+02   0.000000E+00   0.267476E+07   0.267476E+07   0.267476E+07  -0.113476E+00   0.150385E+07   0.150365E+07   0.684035E+00
   0.101210E+00   0.251002E+07   0.249429E+07   0.581219E+02   0.415465E+02   0.000000E+00   0.250738E+07   0.250738E+07   0.250738E+07  -0.106372E+00   0.140975E+07   0.140957E+07   0.596479E+00
   0.106280E+00   0.238094E+07   0.236717E+07   0.499898E+02   0.357298E+02   0.000000E+00   0.237863E+07   0.237863E+07   0.237863E+07  -0.100894E+00   0.133737E+07   0.133721E+07   0.502574E+00
   0.111351E+00   0.227837E+07   0.226683E+07   0.436259E+02   0.311929E+02   0.000000E+00   0.227643E+07   0.227643E+07   0.227643E+07  -0.966129E-01   0.127992E+07   0.127978E+07   0.414614E+00
   0.116422E+00   0.218920E+07   0.217971E+07   0.383015E+02   0.273716E+02   0.000000E+00   0.218761E+07   0.218761E+07   0.218761E+07  -0.927712E-01   0.122998E+07   0.122986E+07   0.342224E+00
   0.121492E+00   0.210223E+07   0.209426E+07   0.338221E+02   0.241832E+02   0.000000E+00   0.210089E+07   0.210089E+07   0.210089E+07  -0.891634E-01   0.118122E+07   0.118112E+07   0.290351E+00
   0.126563E+00   0.201029E+07   0.200314E+07   0.298200E+02   0.213259E+02   0.000000E+00   0.200909E+07   0.200909E+07   0.200909E+07  -0.852925E-01   0.112963E+07   0.112953E+07   0.258934E+00
   0.131634E+00   0.191137E+07   0.190436E+07   0.261471E+02   0.186814E+02   0.000000E+00   0.191019E+07   0.191019E+07   0.191019E+07  -0.809794E-01   0.107402E+07   0.107392E+07   0.243931E+00
   0.136705E+00   0.180777E+07   0.180044E+07   0.229745E+02   0.164280E+02   0.000000E+00   0.180654E+07   0.180654E+07   0.180654E+07  -0.766769E-01   0.101573E+07   0.101564E+07   0.239045E+00
   0.141775E+00   0.170406E+07   0.169618E+07   0.201560E+02   0.144190E+02   0.000000E+00   0.170274E+07   0.170274E+07   0.170274E+07  -0.723190E-01   0.957388E+06   0.957287E+06   0.237607E+00
   0.146846E+00   0.160565E+07   0.159729E+07   0.176662E+02   0.126278E+02   0.000000E+00   0.160425E+07   0.160425E+07   0.160425E+07  -0.680558E-01   0.902022E+06   0.901919E+06   0.234199E+00
   0.151917E+00   0.151788E+07   0.150929E+07   0.155703E+02   0.111204E+02   0.000000E+00   0.151644E+07   0.151644E+07   0.151644E+07  -0.642514E-01   0.852645E+06   0.852542E+06   0.225655E+00
   0.156988E+00   0.144424E+07   0.143579E+07   0.138836E+02   0.991892E+01   0.000000E+00   0.144282E+07   0.144282E+07   0.144282E+07  -0.611603E-01   0.811245E+06   0.811146E+06   0.211251E+00
   0.162058E+00   0.138481E+07   0.137686E+07   0.125258E+02   0.895831E+01   0.000000E+00   0.138347E+07   0.138347E+07   0.138347E+07  -0.587363E-01   0.777876E+06   0.777783E+06   0.192234E+00
   0.167129E+00   0.133671E+07   0.132951E+07   0.113912E+02   0.815313E+01   0.000000E+00   0.133550E+07   0.133550E+07   0.133550E+07  -0.567648E-01   0.750912E+06   0.750826E+06   0.171048E+00
   0.172200E+00   0.129599E+07   0.128961E+07   0.104015E+02   0.744395E+01   0.000000E+00   0.129492E+07   0.129492E+07   0.129492E+07  -0.550311E-01   0.728100E+06   0.728022E+06   0.150472E+00
   0.177271E+00   0.125874E+07   0.125312E+07   0.951501E+01   0.680424E+01   0.000000E+00   0.125780E+07   0.125780E+07   0.125780E+07  -0.533918E-01   0.707229E+06   0.707159E+06   0.132844E+00
   0.182341E+00   0.122140E+07   0.121636E+07   0.871183E+01   0.622556E+01   0.000000E+00   0.122055E+07   0.122055E+07   0.122055E+07  -0.517581E-01   0.686291E+06   0.686226E+06   0.119524E+00
   0.187412E+00   0.118143E+07   0.117671E+07   0.796699E+01   0.569043E+01   0.000000E+00   0.118063E+07   0.118063E+07   0.118063E+07  -0.500281E-01   0.663842E+06   0.663780E+06   0.110731E+00
   0.192483E+00   0.113815E+07   0.113352E+07   0.726914E+01   0.519005E+01   0.000000E+00   0.113737E+07   0.113737E+07   0.113737E+07  -0.481682E-01   0.639514E+06   0.639453E+06   0.105730E+00
   0.197554E+00   0.109276E+07   0.108805E+07   0.662904E+01   0.473411E+01   0.000000E+00   0.109197E+07   0.109197E+07   0.109197E+07  -0.462608E-01   0.613982E+06   0.613921E+06   0.103195E+00
   0.202624E+00   0.104730E+07   0.104243E+07   0.603835E+01   0.431212E+01   0.000000E+00   0.104648E+07   0.104648E+07   0.104648E+07  -0.443314E-01   0.588406E+06   0.588345E+06   0.101614E+00
   0.207695E+00   0.100382E+07   0.998805E+06   0.551118E+01   0.393652E+01   0.000000E+00   0.100297E+07   0.100297E+07   0.100297E+07  -0.425020E-01   0.563944E+06   0.563882E+06   0.996760E-01
   0.212766E+00   0.964053E+06   0.958990E+06   0.504759E+01   0.360660E+01   0.000000E+00   0.963203E+06   0.963203E+06   0.963203E+06  -0.408367E-01   0.541582E+06   0.541520E+06   0.965373E-01
   0.217837E+00   0.929166E+06   0.924179E+06   0.464384E+01   0.331892E+01   0.000000E+00   0.928329E+06   0.928329E+06   0.928329E+06  -0.393724E-01   0.521973E+06   0.521913E+06   0.919288E-01
   0.222907E+00   0.899387E+06   0.894602E+06   0.429499E+01   0.307020E+01   0.000000E+00   0.898584E+06   0.898584E+06   0.898584E+06  -0.381219E-01   0.505249E+06   0.505192E+06   0.860888E-01
   0.227978E+00   0.873973E+06   0.869480E+06   0.399028E+01   0.285243E+01   0.000000E+00   0.873218E+06   0.873218E+06   0.873218E+06  -0.370465E-01   0.490987E+06   0.490933E+06   0.795895E-01
   0.233049E+00   0.851572E+06   0.847409E+06   0.372348E+01   0.266246E+01   0.000000E+00   0.850873E+06   0.850873E+06   0.850873E+06  -0.361136E-01   0.478423E+06   0.478372E+06   0.731264E-01
   0.238120E+00   0.830670E+06   0.826821E+06   0.347766E+01   0.248624E+01   0.000000E+00   0.830024E+06   0.830024E+06   0.830024E+06  -0.352195E-01   0.466700E+06   0.466652E+06   0.673216E-01
   0.243190E+00   0.809926E+06   0.806329E+06   0.325212E+01   0.232532E+01   0.000000E+00   0.809322E+06   0.809322E+06   0.809322E+06  -0.343480E-01   0.455060E+06   0.455014E+06   0.625819E-01
   0.248261E+00   0.788441E+06   0.785012E+06   0.303839E+01   0.217264E+01   0.000000E+00   0.787865E+06   0.787865E+06   0.787865E+06  -0.334406E-01   0.442996E+06   0.442952E+06   0.590368E-01
   0.253332E+00   0.765944E+06   0.762597E+06   0.283317E+01   0.202545E+01   0.000000E+00   0.765382E+06   0.765382E+06   0.765382E+06  -0.324759E-01   0.430355E+06   0.430312E+06   0.565582E-01
   0.258402E+00   0.742747E+06   0.739416E+06   0.264202E+01   0.188922E+01   0.000000E+00   0.742188E+06   0.742188E+06   0.742188E+06  -0.315021E-01   0.417313E+06   0.417271E+06   0.548380E-01
   0.263473E+00   0.719505E+06   0.716155E+06   0.246318E+01   0.176175E+01   0.000000E+00   0.718942E+06   0.718942E+06   0.718942E+06  -0.305261E-01   0.404244E+06   0.404202E+06   0.534915E-01
   0.268544E+00   0.696961E+06   0.693591E+06   0.229380E+01   0.163979E+01   0.000000E+00   0.696395E+06   0.696395E+06   0.696395E+06  -0.295470E-01   0.391567E+06   0.391525E+06   0.521592E-01
   0.273615E+00   0.675777E+06   0.672413E+06   0.214332E+01   0.153249E+01   0.000000E+00   0.675212E+06   0.675212E+06   0.675212E+06  -0.286558E-01   0.379656E+06   0.379615E+06   0.505857E-01
   0.278685E+00   0.656420E+06   0.653102E+06   0.200873E+01   0.143680E+01   0.000000E+00   0.655863E+06   0.655863E+06   0.655863E+06  -0.278501E-01   0.368777E+06   0.368736E+06   0.486579E-01
   0.283756E+00   0.639046E+06   0.635818E+06   0.188529E+01   0.134822E+01   0.000000E+00   0.638504E+06   0.638504E+06   0.638504E+06  -0.271045E-01   0.359017E+06   0.358978E+06   0.464026E-01
   0.288827E+00   0.623465E+06   0.620363E+06   0.177376E+01   0.126801E+01   0.000000E+00   0.622944E+06   0.622944E+06   0.622944E+06  -0.264301E-01   0.350268E+06   0.350230E+06   0.439487E-01
   0.293898E+00   0.609229E+06   0.606270E+06   0.167418E+01   0.119688E+01   0.000000E+00   0.608732E+06   0.608732E+06   0.608732E+06  -0.258288E-01   0.342276E+06   0.342240E+06   0.414745E-01
   0.298968E+00   0.595797E+06   0.592979E+06   0.158372E+01   0.113263E+01   0.000000E+00   0.595324E+06   0.595324E+06   0.595324E+06  -0.252739E-01   0.334737E+06   0.334702E+06   0.391546E-01
   0.304039E+00   0.582694E+06   0.579999E+06   0.149814E+01   0.107155E+01   0.000000E+00   0.582242E+06   0.582242E+06   0.582242E+06  -0.247228E-01   0.327382E+06   0.327348E+06   0.371181E-01
   0.309110E+00   0.569584E+06   0.566984E+06   0.141584E+01   0.101242E+01   0.000000E+00   0.569148E+06   0.569148E+06   0.569148E+06  -0.241572E-01   0.320020E+06   0.319987E+06   0.354248E-01
   0.314181E+00   0.556296E+06   0.553760E+06   0.133732E+01   0.955920E+00   0.000000E+00   0.555870E+06   0.555870E+06   0.555870E+06  -0.235810E-01   0.312554E+06   0.312522E+06   0.340614E-01
   0.319251E+00   0.542843E+06   0.540345E+06   0.126415E+01   0.903713E+00   0.000000E+00   0.542423E+06   0.542423E+06   0.542423E+06  -0.230139E-01   0.304993E+06   0.304961E+06   0.329577E-01
   0.324322E+00   0.529413E+06   0.526937E+06   0.119562E+01   0.855006E+00   0.000000E+00   0.528998E+06   0.528998E+06   0.528998E+06  -0.224554E-01   0.297444E+06   0.297413E+06   0.320134E-01
   0.329393E+00   0.516291E+06   0.513832E+06   0.113125E+01   0.809233E+00   0.000000E+00   0.515878E+06   0.515878E+06   0.515878E+06  -0.219088E-01   0.290067E+06   0.290036E+06   0.311268E-01
   0.334464E+00   0.503732E+06   0.501296E+06   0.107058E+01   0.765853E+00   0.000000E+00   0.503323E+06   0.503323E+06   0.503323E+06  -0.213765E-01   0.283008E+06   0.282978E+06   0.302165E-01
   0.339534E+00   0.491894E+06   0.489492E+06   0.101386E+01   0.725116E+00   0.000000E+00   0.491491E+06   0.491491E+06   0.491491E+06  -0.208671E-01   0.276356E+06   0.276326E+06   0.292357E-01
   0.344605E+00   0.480836E+06   0.478483E+06   0.961169E+00   0.687163E+00   0.000000E+00   0.480441E+06   0.480441E+06   0.480441E+06  -0.203862E-01   0.270143E+06   0.270114E+06   0.281763E-01
   0.349676E+00   0.470538E+06   0.468246E+06   0.913059E+00   0.652641E+00   0.000000E+00   0.470153E+06   0.470153E+06   0.470153E+06  -0.199439E-01   0.264358E+06   0.264329E+06   0.270635E-01
   0.354747E+00   0.460898E+06   0.458675E+06   0.869410E+00   0.621565E+00   0.000000E+00   0.460524E+06   0.460524E+06   0.460524E+06  -0.195412E-01   0.258943E+06   0.258916E+06   0.259421E-01
   0.359817E+00   0.451739E+06   0.449586E+06   0.828342E+00   0.592219E+00   0.000000E+00   0.451377E+06   0.451377E+06   0.451377E+06  -0.191538E-01   0.253800E+06   0.253773E+06   0.248612E-01
   0.364888E+00   0.442866E+06   0.440779E+06   0.790260E+00   0.565161E+00   0.000000E+00   0.442516E+06   0.442516E+06   0.442516E+06  -0.187860E-01   0.248817E+06   0.248791E+06   0.238609E-01
   0.369959E+00   0.434136E+06   0.432106E+06   0.754213E+00   0.539557E+00   0.000000E+00   0.433796E+06   0.433796E+06   0.433796E+06  -0.184247E-01   0.243914E+06   0.243889E+06   0.229654E-01
   0.375030E+00   0.425476E+06   0.423492E+06   0.719239E+00   0.514515E+00   0.000000E+00   0.425143E+06   0.425143E+06   0.425143E+06  -0.180561E-01   0.239049E+06   0.239025E+06   0.221788E-01
   0.380100E+00   0.416869E+06   0.414921E+06   0.686290E+00   0.491024E+00   0.000000E+00   0.416542E+06   0.416542E+06   0.416542E+06  -0.176950E-01   0.234213E+06   0.234189E+06   0.214876E-01
   0.385171E+00   0.408345E+06   0.406425E+06   0.654657E+00   0.468386E+00   0.000000E+00   0.408023E+06   0.408023E+06   0.408023E+06  -0.173329E-01   0.229424E+06   0.229400E+06   0.208662E-01
   0.390242E+00   0.399981E+06   0.398085E+06   0.624335E+00   0.446592E+00   0.000000E+00   0.399662E+06   0.399662E+06   0.399662E+06  -0.169721E-01   0.224723E+06   0.224699E+06   0.202855E-01
   0.395313E+00   0.391864E+06   0.389993E+06   0.595881E+00   0.426185E+00   0.000000E+00   0.391550E+06   0.391550E+06   0.391550E+06  -0.166245E-01   0.220162E+06   0.220138E+06   0.197193E-01
   0.400383E+00   0.384065E+06   0.382221E+06   0.569405E+00   0.407273E+00   0.000000E+00   0.383755E+06   0.383755E+06   0.383755E+06  -0.162949E-01   0.215779E+06   0.215756E+06   0.191498E-01
   0.405454E+00   0.376614E+06   0.374802E+06   0.543982E+00   0.388947E+00   0.000000E+00   0.376310E+06   0.376310E+06   0.376310E+06  -0.159702E-01   0.211592E+06   0.211570E+06   0.185692E-01
   0.410525E+00   0.369514E+06   0.367736E+06   0.520354E+00   0.371977E+00   0.000000E+00   0.369215E+06   0.369215E+06   0.369215E+06  -0.156643E-01   0.207603E+06   0.207581E+06   0.179800E-01
   0.415595E+00   0.362738E+06   0.361000E+06   0.498610E+00   0.356486E+00   0.000000E+00   0.362447E+06   0.362447E+06   0.362447E+06  -0.153805E-01   0.203797E+06   0.203775E+06   0.173920E-01
   0.420666E+00   0.356238E+06   0.354539E+06   0.477998E+00   0.341765E+00   0.000000E+00   0.355953E+06   0.355953E+06   0.355953E+06  -0.151060E-01   0.200146E+06   0.200125E+06   0.168182E-01
   0.425737E+00   0.349946E+06   0.348286E+06   0.458160E+00   0.327501E+00   0.000000E+00   0.349667E+06   0.349667E+06   0.349667E+06  -0.148339E-01   0.196612E+06   0.196591E+06   0.162709E-01
   0.430808E+00   0.343806E+06   0.342181E+06   0.439478E+00   0.314115E+00   0.000000E+00   0.343533E+06   0.343533E+06   0.343533E+06  -0.145715E-01   0.193162E+06   0.193142E+06   0.157586E-01
   0.435878E+00   0.337779E+06   0.336186E+06   0.421925E+00   0.301609E+00   0.000000E+00   0.337511E+06   0.337511E+06   0.337511E+06  -0.143189E-01   0.189776E+06   0.189756E+06   0.152852E-01
   0.440949E+00   0.331848E+06   0.330284E+06   0.405256E+00   0.289755E+00   0.000000E+00   0.331586E+06   0.331586E+06   0.331586E+06  -0.140719E-01   0.186444E+06   0.186425E+06   0.148489E-01
   0.446020E+00   0.326012E+06   0.324472E+06   0.388999E+00   0.278095E+00   0.000000E+00   0.325753E+06   0.325753E+06   0.325753E+06  -0.138217E-01   0.183165E+06   0.183146E+06   0.144438E-01
   0.451091E+00   0.320283E+06   0.318765E+06   0.373495E+00   0.266976E+00   0.000000E+00   0.320028E+06   0.320028E+06   0.320028E+06  -0.135762E-01   0.179946E+06   0.179927E+06   0.140617E-01
   0.456161E+00   0.314688E+06   0.313192E+06   0.358864E+00   0.256520E+00   0.000000E+00   0.314437E+06   0.314437E+06   0.314437E+06  -0.133391E-01   0.176802E+06   0.176783E+06   0.136945E-01
   0.461232E+00   0.309256E+06   0.307782E+06   0.345201E+00   0.246823E+00   0.000000E+00   0.309008E+06   0.309008E+06   0.309008E+06  -0.131143E-01   0.173750E+06   0.173731E+06   0.133358E-01
   0.466303E+00   0.304000E+06   0.302549E+06   0.332049E+00   0.237435E+00   0.000000E+00   0.303757E+06   0.303757E+06   0.303757E+06  -0.128927E-01   0.170797E+06   0.170779E+06   0.129816E-01
   0.471374E+00   0.298921E+06   0.297494E+06   0.319362E+00   0.228320E+00   0.000000E+00   0.298681E+06   0.298681E+06   0.298681E+06  -0.126737E-01   0.167943E+06   0.167925E+06   0.126306E-01
   0.476444E+00   0.294012E+06   0.292609E+06   0.307443E+00   0.219792E+00   0.000000E+00   0.293776E+06   0.293776E+06   0.293776E+06  -0.124650E-01   0.165185E+06   0.165167E+06   0.122843E-01
   0.481515E+00   0.289262E+06   0.287884E+06   0.296048E+00   0.211619E+00   0.000000E+00   0.289031E+06   0.289031E+06   0.289031E+06  -0.122614E-01   0.162517E+06   0.162500E+06   0.119456E-01
   0.486586E+00   0.284655E+06   0.283301E+06   0.285402E+00   0.204040E+00   0.000000E+00   0.284427E+06   0.284427E+06   0.284427E+06  -0.120689E-01   0.159928E+06   0.159911E+06   0.116181E-01
   0.491657E+00   0.280163E+06   0.278834E+06   0.275334E+00   0.196900E+00   0.000000E+00   0.279940E+06   0.279940E+06   0.279940E+06  -0.118835E-01   0.157405E+06   0.157389E+06   0.113045E-01
   0.496727E+00   0.275768E+06   0.274461E+06   0.265515E+00   0.189879E+00   0.000000E+00   0.275548E+06   0.275548E+06   0.275548E+06  -0.116972E-01   0.154936E+06   0.154919E+06   0.110062E-01
   0.501798E+00   0.271459E+06   0.270173E+06   0.256073E+00   0.183116E+00   0.000000E+00   0.271243E+06   0.271243E+06   0.271243E+06  -0.115134E-01   0.152515E+06   0.152499E+06   0.107236E-01
   0.506869E+00   0.267235E+06   0.265969E+06   0.246986E+00   0.176594E+00   0.000000E+00   0.267023E+06   0.267023E+06   0.267023E+06  -0.113320E-01   0.150142E+06   0.150126E+06   0.104556E-01
   0.511940E+00   0.263096E+06   0.261849E+06   0.238231E+00   0.170296E+00   0.000000E+00   0.262887E+06   0.262887E+06   0.262887E+06  -0.111528E-01   0.147816E+06   0.147801E+06   0.102001E-01
   0.517010E+00   0.259042E+06   0.257812E+06   0.230033E+00   0.164450E+00   0.000000E+00   0.258836E+06   0.258836E+06   0.258836E+06  -0.109824E-01   0.145539E+06   0.145523E+06   0.995450E-02
   0.522081E+00   0.255081E+06   0.253869E+06   0.222206E+00   0.158874E+00   0.000000E+00   0.254878E+06   0.254878E+06   0.254878E+06  -0.108164E-01   0.143313E+06   0.143298E+06   0.971657E-02
   0.527152E+00   0.251222E+06   0.250027E+06   0.214704E+00   0.153525E+00   0.000000E+00   0.251022E+06   0.251022E+06   0.251022E+06  -0.106542E-01   0.141145E+06   0.141130E+06   0.948467E-02
   0.532223E+00   0.247468E+06   0.246290E+06   0.207516E+00   0.148393E+00   0.000000E+00   0.247270E+06   0.247270E+06   0.247270E+06  -0.104959E-01   0.139035E+06   0.139021E+06   0.925786E-02
   0.559946E+00   0.228560E+06   0.227475E+06   0.173054E+00   0.123722E+00   0.000000E+00   0.228378E+06   0.228378E+06   0.228378E+06  -0.969073E-02   0.128413E+06   0.128399E+06   0.811838E-02
   0.593872E+00   0.208262E+06   0.207273E+06   0.140293E+00   0.100331E+00   0.000000E+00   0.208096E+06   0.208096E+06   0.208096E+06  -0.883416E-02   0.117009E+06   0.116996E+06   0.699070E-02
   0.629853E+00   0.189724E+06   0.188824E+06   0.113683E+00   0.813182E-01   0.000000E+00   0.189573E+06   0.189573E+06   0.189573E+06  -0.805043E-02   0.106594E+06   0.106583E+06   0.600929E-02
   0.879031E+00   0.110914E+06   0.110388E+06   0.340925E-01   0.243785E-01   0.000000E+00   0.110826E+06   0.110826E+06   0.110826E+06  -0.470397E-02   0.623155E+05   0.623088E+05   0.254949E-02
   0.122679E+01   0.640564E+05   0.637523E+05   0.912368E-02   0.624408E-02   0.000000E+00   0.640054E+05   0.640054E+05   0.640054E+05  -0.256090E-02   0.359823E+05   0.359783E+05   0.108143E-02
   0.171212E+01   0.366088E+05   0.364348E+05   0.422897E-02   0.338324E-02   0.000000E+00   0.365796E+05   0.365796E+05   0.365796E+05  -0.194165E-02   0.205780E+05   0.205757E+05   0.464192E-03
   0.238945E+01   0.207351E+05   0.206363E+05   0.357148E-02   0.332558E-02   0.000000E+00   0.207186E+05   0.207186E+05   0.207186E+05  -0.250621E-02   0.116540E+05   0.116526E+05   0.205315E-03
