#           k/h    P           
    0.10000E-03    0.33355E+03
    0.10202E-03    0.34029E+03
    0.10408E-03    0.34718E+03
    0.10618E-03    0.35422E+03
    0.10833E-03    0.36141E+03
    0.11052E-03    0.36876E+03
    0.11275E-03    0.37628E+03
    0.11503E-03    0.38396E+03
    0.11735E-03    0.39182E+03
    0.11972E-03    0.39985E+03
    0.12214E-03    0.40806E+03
    0.12461E-03    0.41646E+03
    0.12712E-03    0.42506E+03
    0.12969E-03    0.43384E+03
    0.13231E-03    0.44284E+03
    0.13499E-03    0.45204E+03
    0.13771E-03    0.46145E+03
    0.14049E-03    0.47109E+03
    0.14333E-03    0.48095E+03
    0.14623E-03    0.49105E+03
    0.14918E-03    0.50139E+03
    0.15220E-03    0.51198E+03
    0.15527E-03    0.52282E+03
    0.15841E-03    0.53393E+03
    0.16161E-03    0.54531E+03
    0.16487E-03    0.55697E+03
    0.16820E-03    0.56892E+03
    0.17160E-03    0.58117E+03
    0.17507E-03    0.59373E+03
    0.17860E-03    0.60660E+03
    0.18221E-03    0.61980E+03
    0.18589E-03    0.63335E+03
    0.18965E-03    0.64724E+03
    0.19348E-03    0.66149E+03
    0.19739E-03    0.67611E+03
    0.20138E-03    0.69112E+03
    0.20544E-03    0.70653E+03
    0.20959E-03    0.72236E+03
    0.21383E-03    0.73861E+03
    0.21815E-03    0.75529E+03
    0.22255E-03    0.77244E+03
    0.22705E-03    0.79005E+03
    0.23164E-03    0.80816E+03
    0.23632E-03    0.82677E+03
    0.24109E-03    0.84590E+03
    0.24596E-03    0.86557E+03
    0.25093E-03    0.88580E+03
    0.25600E-03    0.90660E+03
    0.26117E-03    0.92801E+03
    0.26645E-03    0.95003E+03
    0.27183E-03    0.97270E+03
    0.27732E-03    0.99603E+03
    0.28292E-03    0.10200E+04
    0.28864E-03    0.10448E+04
    0.29447E-03    0.10702E+04
    0.30042E-03    0.10965E+04
    0.30649E-03    0.11235E+04
    0.31268E-03    0.11513E+04
    0.31899E-03    0.11800E+04
    0.32544E-03    0.12095E+04
    0.33201E-03    0.12399E+04
    0.33872E-03    0.12713E+04
    0.34556E-03    0.13036E+04
    0.35254E-03    0.13369E+04
    0.35966E-03    0.13713E+04
    0.36693E-03    0.14066E+04
    0.37434E-03    0.14431E+04
    0.38190E-03    0.14807E+04
    0.38962E-03    0.15195E+04
    0.39749E-03    0.15594E+04
    0.40552E-03    0.16006E+04
    0.41371E-03    0.16430E+04
    0.42207E-03    0.16867E+04
    0.43060E-03    0.17318E+04
    0.43929E-03    0.17782E+04
    0.44817E-03    0.18260E+04
    0.45722E-03    0.18753E+04
    0.46646E-03    0.19260E+04
    0.47588E-03    0.19782E+04
    0.48550E-03    0.20319E+04
    0.49530E-03    0.20873E+04
    0.50531E-03    0.21442E+04
    0.51552E-03    0.22027E+04
    0.52593E-03    0.22630E+04
    0.53656E-03    0.23249E+04
    0.54739E-03    0.23885E+04
    0.55845E-03    0.24538E+04
    0.56973E-03    0.25210E+04
    0.58124E-03    0.25899E+04
    0.59299E-03    0.26606E+04
    0.60496E-03    0.27332E+04
    0.61719E-03    0.28076E+04
    0.62965E-03    0.28839E+04
    0.64237E-03    0.29621E+04
    0.65535E-03    0.30421E+04
    0.66859E-03    0.31241E+04
    0.68210E-03    0.32080E+04
    0.69588E-03    0.32938E+04
    0.70993E-03    0.33816E+04
    0.72427E-03    0.34713E+04
    0.73891E-03    0.35630E+04
    0.75383E-03    0.36566E+04
    0.76906E-03    0.37522E+04
    0.78460E-03    0.38498E+04
    0.80045E-03    0.39493E+04
    0.81662E-03    0.40508E+04
    0.83311E-03    0.41543E+04
    0.84994E-03    0.42598E+04
    0.86711E-03    0.43673E+04
    0.88463E-03    0.44768E+04
    0.90250E-03    0.45883E+04
    0.92073E-03    0.47019E+04
    0.93933E-03    0.48175E+04
    0.95831E-03    0.49351E+04
    0.97767E-03    0.50548E+04
    0.99742E-03    0.51765E+04
    0.10176E-02    0.53004E+04
    0.10381E-02    0.54263E+04
    0.10591E-02    0.55544E+04
    0.10805E-02    0.56845E+04
    0.11023E-02    0.58169E+04
    0.11246E-02    0.59514E+04
    0.11473E-02    0.60881E+04
    0.11705E-02    0.62270E+04
    0.11941E-02    0.63681E+04
    0.12182E-02    0.65115E+04
    0.12429E-02    0.66571E+04
    0.12680E-02    0.68049E+04
    0.12936E-02    0.69551E+04
    0.13197E-02    0.71076E+04
    0.13464E-02    0.72624E+04
    0.13736E-02    0.74196E+04
    0.14013E-02    0.75792E+04
    0.14296E-02    0.77411E+04
    0.14585E-02    0.79054E+04
    0.14880E-02    0.80722E+04
    0.15180E-02    0.82414E+04
    0.15487E-02    0.84131E+04
    0.15800E-02    0.85873E+04
    0.16119E-02    0.87639E+04
    0.16445E-02    0.89431E+04
    0.16777E-02    0.91248E+04
    0.17116E-02    0.93091E+04
    0.17462E-02    0.94960E+04
    0.17814E-02    0.96854E+04
    0.18174E-02    0.98774E+04
    0.18541E-02    0.10072E+05
    0.18916E-02    0.10269E+05
    0.19298E-02    0.10469E+05
    0.19688E-02    0.10672E+05
    0.20086E-02    0.10877E+05
    0.20491E-02    0.11085E+05
    0.20905E-02    0.11296E+05
    0.21328E-02    0.11509E+05
    0.21758E-02    0.11725E+05
    0.22198E-02    0.11944E+05
    0.22646E-02    0.12165E+05
    0.23104E-02    0.12389E+05
    0.23571E-02    0.12616E+05
    0.24047E-02    0.12846E+05
    0.24533E-02    0.13078E+05
    0.25028E-02    0.13313E+05
    0.25534E-02    0.13551E+05
    0.26050E-02    0.13792E+05
    0.26576E-02    0.14035E+05
    0.27113E-02    0.14281E+05
    0.27660E-02    0.14529E+05
    0.28219E-02    0.14781E+05
    0.28789E-02    0.15035E+05
    0.29371E-02    0.15291E+05
    0.29964E-02    0.15551E+05
    0.30569E-02    0.15813E+05
    0.31187E-02    0.16077E+05
    0.31817E-02    0.16344E+05
    0.32460E-02    0.16614E+05
    0.33115E-02    0.16886E+05
    0.33784E-02    0.17161E+05
    0.34467E-02    0.17438E+05
    0.35163E-02    0.17717E+05
    0.35874E-02    0.17999E+05
    0.36598E-02    0.18283E+05
    0.37338E-02    0.18570E+05
    0.38092E-02    0.18858E+05
    0.38861E-02    0.19149E+05
    0.39646E-02    0.19442E+05
    0.40447E-02    0.19737E+05
    0.41264E-02    0.20034E+05
    0.42098E-02    0.20333E+05
    0.42948E-02    0.20633E+05
    0.43816E-02    0.20935E+05
    0.44701E-02    0.21239E+05
    0.45604E-02    0.21545E+05
    0.46525E-02    0.21852E+05
    0.47465E-02    0.22160E+05
    0.48424E-02    0.22470E+05
    0.49402E-02    0.22780E+05
    0.50400E-02    0.23092E+05
    0.51419E-02    0.23405E+05
    0.52457E-02    0.23718E+05
    0.53517E-02    0.24032E+05
    0.54598E-02    0.24347E+05
    0.55701E-02    0.24662E+05
    0.56826E-02    0.24977E+05
    0.57974E-02    0.25292E+05
    0.59145E-02    0.25607E+05
    0.60340E-02    0.25922E+05
    0.61559E-02    0.26237E+05
    0.62803E-02    0.26551E+05
    0.64072E-02    0.26864E+05
    0.65366E-02    0.27176E+05
    0.66686E-02    0.27487E+05
    0.68033E-02    0.27796E+05
    0.69408E-02    0.28104E+05
    0.70810E-02    0.28411E+05
    0.72240E-02    0.28715E+05
    0.73700E-02    0.29017E+05
    0.75189E-02    0.29316E+05
    0.76708E-02    0.29613E+05
    0.78257E-02    0.29906E+05
    0.79838E-02    0.30197E+05
    0.81451E-02    0.30483E+05
    0.83096E-02    0.30766E+05
    0.84775E-02    0.31045E+05
    0.86488E-02    0.31319E+05
    0.88235E-02    0.31589E+05
    0.90017E-02    0.31854E+05
    0.91836E-02    0.32113E+05
    0.93691E-02    0.32367E+05
    0.95583E-02    0.32615E+05
    0.97514E-02    0.32856E+05
    0.99484E-02    0.33091E+05
    0.10149E-01    0.33319E+05
    0.10354E-01    0.33540E+05
    0.10564E-01    0.33753E+05
    0.10777E-01    0.33958E+05
    0.10995E-01    0.34154E+05
    0.11217E-01    0.34341E+05
    0.11443E-01    0.34519E+05
    0.11675E-01    0.34688E+05
    0.11910E-01    0.34846E+05
    0.12151E-01    0.34995E+05
    0.12397E-01    0.35133E+05
    0.12647E-01    0.35261E+05
    0.12902E-01    0.35377E+05
    0.13163E-01    0.35481E+05
    0.13429E-01    0.35571E+05
    0.13700E-01    0.35647E+05
    0.13977E-01    0.35707E+05
    0.14259E-01    0.35754E+05
    0.14547E-01    0.35788E+05
    0.14841E-01    0.35814E+05
    0.15141E-01    0.35832E+05
    0.15447E-01    0.35843E+05
    0.15759E-01    0.35846E+05
    0.16077E-01    0.35835E+05
    0.16402E-01    0.35807E+05
    0.16734E-01    0.35757E+05
    0.17072E-01    0.35683E+05
    0.17416E-01    0.35586E+05
    0.17768E-01    0.35469E+05
    0.18127E-01    0.35334E+05
    0.18493E-01    0.35183E+05
    0.18867E-01    0.35018E+05
    0.19248E-01    0.34838E+05
    0.19637E-01    0.34640E+05
    0.20034E-01    0.34420E+05
    0.20438E-01    0.34178E+05
    0.20851E-01    0.33912E+05
    0.21272E-01    0.33623E+05
    0.21702E-01    0.33316E+05
    0.22141E-01    0.32992E+05
    0.22588E-01    0.32655E+05
    0.23044E-01    0.32308E+05
    0.23510E-01    0.31949E+05
    0.23985E-01    0.31580E+05
    0.24469E-01    0.31201E+05
    0.24964E-01    0.30810E+05
    0.25468E-01    0.30409E+05
    0.25982E-01    0.29996E+05
    0.26507E-01    0.29572E+05
    0.27043E-01    0.29136E+05
    0.27589E-01    0.28687E+05
    0.28146E-01    0.28227E+05
    0.28715E-01    0.27757E+05
    0.29295E-01    0.27278E+05
    0.29887E-01    0.26791E+05
    0.30490E-01    0.26299E+05
    0.31106E-01    0.25802E+05
    0.31735E-01    0.25304E+05
    0.32376E-01    0.24805E+05
    0.33030E-01    0.24308E+05
    0.33697E-01    0.23814E+05
    0.34378E-01    0.23325E+05
    0.35072E-01    0.22842E+05
    0.35781E-01    0.22367E+05
    0.36504E-01    0.21899E+05
    0.37241E-01    0.21441E+05
    0.37993E-01    0.20992E+05
    0.38761E-01    0.20554E+05
    0.39544E-01    0.20127E+05
    0.40343E-01    0.19712E+05
    0.41158E-01    0.19309E+05
    0.41989E-01    0.18920E+05
    0.42838E-01    0.18546E+05
    0.43703E-01    0.18187E+05
    0.44586E-01    0.17846E+05
    0.45486E-01    0.17523E+05
    0.46405E-01    0.17218E+05
    0.47343E-01    0.16930E+05
    0.48299E-01    0.16656E+05
    0.49275E-01    0.16397E+05
    0.50270E-01    0.16149E+05
    0.51286E-01    0.15914E+05
    0.52322E-01    0.15688E+05
    0.53379E-01    0.15471E+05
    0.54457E-01    0.15263E+05
    0.55557E-01    0.15059E+05
    0.56680E-01    0.14860E+05
    0.57825E-01    0.14661E+05
    0.58993E-01    0.14461E+05
    0.60184E-01    0.14258E+05
    0.61400E-01    0.14051E+05
    0.62641E-01    0.13837E+05
    0.63906E-01    0.13614E+05
    0.65197E-01    0.13378E+05
    0.66514E-01    0.13127E+05
    0.67858E-01    0.12862E+05
    0.69229E-01    0.12588E+05
    0.70627E-01    0.12306E+05
    0.72054E-01    0.12014E+05
    0.73510E-01    0.11703E+05
    0.74994E-01    0.11370E+05
    0.76509E-01    0.11018E+05
    0.78055E-01    0.10655E+05
    0.79632E-01    0.10286E+05
    0.81241E-01    0.99155E+04
    0.82882E-01    0.95443E+04
    0.84556E-01    0.91764E+04
    0.86264E-01    0.88159E+04
    0.88007E-01    0.84667E+04
    0.89785E-01    0.81327E+04
    0.91598E-01    0.78173E+04
    0.93449E-01    0.75233E+04
    0.95337E-01    0.72529E+04
    0.97263E-01    0.70082E+04
    0.99227E-01    0.67895E+04
    0.10123E+00    0.65963E+04
    0.10328E+00    0.64277E+04
    0.10536E+00    0.62809E+04
    0.10749E+00    0.61530E+04
    0.10966E+00    0.60400E+04
    0.11188E+00    0.59374E+04
    0.11414E+00    0.58405E+04
    0.11644E+00    0.57443E+04
    0.11880E+00    0.56437E+04
    0.12120E+00    0.55343E+04
    0.12365E+00    0.54121E+04
    0.12614E+00    0.52748E+04
    0.12869E+00    0.51211E+04
    0.13129E+00    0.49517E+04
    0.13394E+00    0.47686E+04
    0.13665E+00    0.45751E+04
    0.13941E+00    0.43751E+04
    0.14223E+00    0.41735E+04
    0.14510E+00    0.39755E+04
    0.14803E+00    0.37867E+04
    0.15102E+00    0.36124E+04
    0.15407E+00    0.34568E+04
    0.15718E+00    0.33221E+04
    0.16036E+00    0.32085E+04
    0.16360E+00    0.31138E+04
    0.16690E+00    0.30345E+04
    0.17028E+00    0.29664E+04
    0.17371E+00    0.29047E+04
    0.17722E+00    0.28445E+04
    0.18080E+00    0.27806E+04
    0.18446E+00    0.27083E+04
    0.18818E+00    0.26248E+04
    0.19198E+00    0.25295E+04
    0.19586E+00    0.24250E+04
    0.19982E+00    0.23152E+04
    0.20386E+00    0.22047E+04
    0.20797E+00    0.20982E+04
    0.21218E+00    0.19998E+04
    0.21646E+00    0.19128E+04
    0.22083E+00    0.18387E+04
    0.22530E+00    0.17768E+04
    0.22985E+00    0.17246E+04
    0.23449E+00    0.16782E+04
    0.23923E+00    0.16334E+04
    0.24406E+00    0.15861E+04
    0.24899E+00    0.15336E+04
    0.25402E+00    0.14752E+04
    0.25915E+00    0.14124E+04
    0.26439E+00    0.13480E+04
    0.26973E+00    0.12853E+04
    0.27518E+00    0.12272E+04
    0.28074E+00    0.11757E+04
    0.28641E+00    0.11313E+04
    0.29219E+00    0.10927E+04
    0.29810E+00    0.10572E+04
    0.30412E+00    0.10223E+04
    0.31026E+00    0.98603E+03
    0.31653E+00    0.94742E+03
    0.32292E+00    0.90707E+03
    0.32945E+00    0.86677E+03
    0.33610E+00    0.82852E+03
    0.34289E+00    0.79353E+03
    0.34982E+00    0.76211E+03
    0.35689E+00    0.73367E+03
    0.36409E+00    0.70678E+03
    0.37145E+00    0.68002E+03
    0.37895E+00    0.65277E+03
    0.38661E+00    0.62519E+03
    0.39442E+00    0.59810E+03
    0.40239E+00    0.57247E+03
    0.41052E+00    0.54872E+03
    0.41881E+00    0.52675E+03
    0.42727E+00    0.50594E+03
    0.43590E+00    0.48561E+03
    0.44471E+00    0.46546E+03
    0.45369E+00    0.44562E+03
    0.46286E+00    0.42652E+03
    0.47221E+00    0.40848E+03
    0.48174E+00    0.39149E+03
    0.49148E+00    0.37534E+03
    0.50141E+00    0.35968E+03
    0.51153E+00    0.34443E+03
    0.52187E+00    0.32964E+03
    0.53241E+00    0.31552E+03
    0.54317E+00    0.30211E+03
    0.55414E+00    0.28929E+03
    0.56533E+00    0.27695E+03
    0.57675E+00    0.26504E+03
    0.58840E+00    0.25358E+03
    0.60029E+00    0.24262E+03
    0.61242E+00    0.23214E+03
    0.62479E+00    0.22210E+03
    0.63741E+00    0.21248E+03
    0.65029E+00    0.20324E+03
    0.66342E+00    0.19439E+03
    0.67683E+00    0.18590E+03
    0.69050E+00    0.17776E+03
    0.70445E+00    0.16995E+03
    0.71868E+00    0.16247E+03
    0.73320E+00    0.15531E+03
    0.74801E+00    0.14844E+03
    0.76312E+00    0.14186E+03
    0.77854E+00    0.13556E+03
    0.79426E+00    0.12953E+03
    0.81031E+00    0.12375E+03
    0.82668E+00    0.11822E+03
    0.84338E+00    0.11293E+03
    0.86041E+00    0.10786E+03
    0.87780E+00    0.10301E+03
    0.89553E+00    0.98377E+02
    0.91362E+00    0.93941E+02
    0.93208E+00    0.89697E+02
    0.95091E+00    0.85639E+02
    0.97011E+00    0.81758E+02
    0.98971E+00    0.78046E+02
    0.10097E+01    0.74498E+02
    0.10301E+01    0.71105E+02
    0.10509E+01    0.67861E+02
    0.10721E+01    0.64760E+02
    0.10938E+01    0.61797E+02
    0.11159E+01    0.58964E+02
    0.11384E+01    0.56257E+02
    0.11614E+01    0.53670E+02
    0.11849E+01    0.51199E+02
    0.12088E+01    0.48837E+02
    0.12333E+01    0.46581E+02
    0.12582E+01    0.44427E+02
    0.12836E+01    0.42368E+02
    0.13095E+01    0.40402E+02
    0.13360E+01    0.38525E+02
    0.13630E+01    0.36732E+02
    0.13905E+01    0.35019E+02
    0.14186E+01    0.33384E+02
    0.14472E+01    0.31823E+02
    0.14765E+01    0.30333E+02
    0.15063E+01    0.28910E+02
    0.15367E+01    0.27552E+02
    0.15678E+01    0.26256E+02
    0.15994E+01    0.25018E+02
    0.16318E+01    0.23838E+02
    0.16647E+01    0.22711E+02
    0.16984E+01    0.21635E+02
    0.17327E+01    0.20609E+02
    0.17677E+01    0.19631E+02
    0.18034E+01    0.18697E+02
    0.18398E+01    0.17806E+02
    0.18770E+01    0.16957E+02
    0.19149E+01    0.16148E+02
    0.19536E+01    0.15376E+02
    0.19930E+01    0.14640E+02
    0.20333E+01    0.13939E+02
    0.20744E+01    0.13272E+02
    0.21163E+01    0.12635E+02
    0.21590E+01    0.12029E+02
    0.22026E+01    0.11452E+02
    0.22471E+01    0.10902E+02
    0.22925E+01    0.10378E+02
    0.23388E+01    0.98797E+01
    0.23861E+01    0.94051E+01
