#          k/h    CDM            baryon         photon         nu             mass_nu        total          no_nu          total_de       Weyl           v_CDM          v_b            v_b-v_c     
   0.993117E-05   0.203668E+08   0.203668E+08   0.271415E+08   0.271411E+08   0.000000E+00   0.203668E+08   0.203668E+08   0.203752E+08  -0.458041E+00   0.993832E+07   0.993832E+07   0.639786E+01
   0.109660E-04   0.203668E+08   0.203668E+08   0.271384E+08   0.271379E+08   0.000000E+00   0.203668E+08   0.203668E+08   0.203752E+08  -0.458041E+00   0.993832E+07   0.993832E+07   0.706430E+01
   0.121086E-04   0.203668E+08   0.203668E+08   0.271346E+08   0.271340E+08   0.000000E+00   0.203668E+08   0.203668E+08   0.203752E+08  -0.458041E+00   0.993832E+07   0.993832E+07   0.780011E+01
   0.133704E-04   0.203668E+08   0.203668E+08   0.271300E+08   0.271292E+08   0.000000E+00   0.203668E+08   0.203668E+08   0.203752E+08  -0.458041E+00   0.993831E+07   0.993831E+07   0.861249E+01
   0.147636E-04   0.203668E+08   0.203668E+08   0.271243E+08   0.271234E+08   0.000000E+00   0.203668E+08   0.203668E+08   0.203752E+08  -0.458040E+00   0.993831E+07   0.993831E+07   0.950938E+01
   0.163019E-04   0.203667E+08   0.203667E+08   0.271174E+08   0.271163E+08   0.000000E+00   0.203667E+08   0.203667E+08   0.203752E+08  -0.458040E+00   0.993830E+07   0.993830E+07   0.104996E+02
   0.180006E-04   0.203667E+08   0.203667E+08   0.271090E+08   0.271076E+08   0.000000E+00   0.203667E+08   0.203667E+08   0.203752E+08  -0.458040E+00   0.993829E+07   0.993829E+07   0.115927E+02
   0.198762E-04   0.203667E+08   0.203667E+08   0.270988E+08   0.270971E+08   0.000000E+00   0.203667E+08   0.203667E+08   0.203751E+08  -0.458039E+00   0.993828E+07   0.993828E+07   0.127993E+02
   0.219473E-04   0.203667E+08   0.203667E+08   0.270863E+08   0.270842E+08   0.000000E+00   0.203667E+08   0.203667E+08   0.203751E+08  -0.458038E+00   0.993827E+07   0.993827E+07   0.141313E+02
   0.242342E-04   0.203666E+08   0.203666E+08   0.270711E+08   0.270686E+08   0.000000E+00   0.203666E+08   0.203666E+08   0.203751E+08  -0.458037E+00   0.993825E+07   0.993825E+07   0.156015E+02
   0.267594E-04   0.203666E+08   0.203666E+08   0.270526E+08   0.270495E+08   0.000000E+00   0.203666E+08   0.203666E+08   0.203750E+08  -0.458036E+00   0.993823E+07   0.993823E+07   0.172240E+02
   0.295478E-04   0.203666E+08   0.203666E+08   0.270300E+08   0.270262E+08   0.000000E+00   0.203666E+08   0.203666E+08   0.203750E+08  -0.458035E+00   0.993821E+07   0.993821E+07   0.190146E+02
   0.326266E-04   0.203665E+08   0.203665E+08   0.270025E+08   0.269979E+08   0.000000E+00   0.203665E+08   0.203665E+08   0.203749E+08  -0.458033E+00   0.993818E+07   0.993818E+07   0.209902E+02
   0.360263E-04   0.203664E+08   0.203664E+08   0.269690E+08   0.269634E+08   0.000000E+00   0.203664E+08   0.203664E+08   0.203748E+08  -0.458031E+00   0.993814E+07   0.993814E+07   0.231698E+02
   0.397802E-04   0.203664E+08   0.203663E+08   0.269282E+08   0.269214E+08   0.000000E+00   0.203664E+08   0.203664E+08   0.203747E+08  -0.458029E+00   0.993810E+07   0.993810E+07   0.255739E+02
   0.439253E-04   0.203662E+08   0.203662E+08   0.268785E+08   0.268702E+08   0.000000E+00   0.203662E+08   0.203662E+08   0.203746E+08  -0.458026E+00   0.993805E+07   0.993805E+07   0.282249E+02
   0.485023E-04   0.203661E+08   0.203661E+08   0.268181E+08   0.268080E+08   0.000000E+00   0.203661E+08   0.203661E+08   0.203745E+08  -0.458022E+00   0.993799E+07   0.993798E+07   0.311475E+02
   0.535563E-04   0.203660E+08   0.203659E+08   0.267445E+08   0.267323E+08   0.000000E+00   0.203660E+08   0.203660E+08   0.203743E+08  -0.458017E+00   0.993791E+07   0.993791E+07   0.343682E+02
   0.591368E-04   0.203658E+08   0.203658E+08   0.266551E+08   0.266402E+08   0.000000E+00   0.203658E+08   0.203658E+08   0.203741E+08  -0.458012E+00   0.993782E+07   0.993781E+07   0.379159E+02
   0.652989E-04   0.203655E+08   0.203655E+08   0.265465E+08   0.265284E+08   0.000000E+00   0.203655E+08   0.203655E+08   0.203738E+08  -0.458005E+00   0.993770E+07   0.993770E+07   0.418218E+02
   0.721030E-04   0.203653E+08   0.203652E+08   0.264146E+08   0.263926E+08   0.000000E+00   0.203653E+08   0.203653E+08   0.203735E+08  -0.457997E+00   0.993756E+07   0.993756E+07   0.461192E+02
   0.796161E-04   0.203649E+08   0.203649E+08   0.262546E+08   0.262279E+08   0.000000E+00   0.203649E+08   0.203649E+08   0.203731E+08  -0.457988E+00   0.993740E+07   0.993738E+07   0.508436E+02
   0.879121E-04   0.203645E+08   0.203645E+08   0.260607E+08   0.260283E+08   0.000000E+00   0.203645E+08   0.203645E+08   0.203726E+08  -0.457976E+00   0.993719E+07   0.993718E+07   0.560325E+02
   0.970725E-04   0.203640E+08   0.203639E+08   0.258261E+08   0.257869E+08   0.000000E+00   0.203640E+08   0.203640E+08   0.203720E+08  -0.457961E+00   0.993694E+07   0.993692E+07   0.617247E+02
   0.107187E-03   0.203634E+08   0.203633E+08   0.255427E+08   0.254952E+08   0.000000E+00   0.203634E+08   0.203634E+08   0.203713E+08  -0.457943E+00   0.993663E+07   0.993661E+07   0.679602E+02
   0.118356E-03   0.203626E+08   0.203626E+08   0.252010E+08   0.251437E+08   0.000000E+00   0.203626E+08   0.203626E+08   0.203705E+08  -0.457922E+00   0.993626E+07   0.993623E+07   0.747787E+02
   0.130689E-03   0.203617E+08   0.203616E+08   0.247900E+08   0.247211E+08   0.000000E+00   0.203617E+08   0.203617E+08   0.203694E+08  -0.457896E+00   0.993581E+07   0.993577E+07   0.822185E+02
   0.144307E-03   0.203606E+08   0.203605E+08   0.242973E+08   0.242145E+08   0.000000E+00   0.203606E+08   0.203606E+08   0.203681E+08  -0.457864E+00   0.993525E+07   0.993522E+07   0.903149E+02
   0.159344E-03   0.203593E+08   0.203591E+08   0.237087E+08   0.236097E+08   0.000000E+00   0.203593E+08   0.203593E+08   0.203666E+08  -0.457826E+00   0.993458E+07   0.993454E+07   0.990972E+02
   0.175947E-03   0.203576E+08   0.203574E+08   0.230088E+08   0.228909E+08   0.000000E+00   0.203576E+08   0.203576E+08   0.203647E+08  -0.457779E+00   0.993377E+07   0.993371E+07   0.108585E+03
   0.194281E-03   0.203557E+08   0.203554E+08   0.221812E+08   0.220416E+08   0.000000E+00   0.203556E+08   0.203556E+08   0.203625E+08  -0.457723E+00   0.993278E+07   0.993271E+07   0.118786E+03
   0.214525E-03   0.203532E+08   0.203529E+08   0.212094E+08   0.210449E+08   0.000000E+00   0.203532E+08   0.203532E+08   0.203598E+08  -0.457655E+00   0.993158E+07   0.993149E+07   0.129686E+03
   0.236878E-03   0.203503E+08   0.203500E+08   0.200778E+08   0.198856E+08   0.000000E+00   0.203503E+08   0.203503E+08   0.203565E+08  -0.457573E+00   0.993012E+07   0.993002E+07   0.141247E+03
   0.261561E-03   0.203468E+08   0.203463E+08   0.187738E+08   0.185515E+08   0.000000E+00   0.203467E+08   0.203467E+08   0.203525E+08  -0.457475E+00   0.992835E+07   0.992823E+07   0.153393E+03
   0.288815E-03   0.203425E+08   0.203420E+08   0.172906E+08   0.170363E+08   0.000000E+00   0.203424E+08   0.203424E+08   0.203478E+08  -0.457357E+00   0.992622E+07   0.992608E+07   0.166007E+03
   0.318910E-03   0.203373E+08   0.203367E+08   0.156302E+08   0.153437E+08   0.000000E+00   0.203372E+08   0.203372E+08   0.203420E+08  -0.457216E+00   0.992364E+07   0.992347E+07   0.178914E+03
   0.352140E-03   0.203311E+08   0.203303E+08   0.138085E+08   0.134915E+08   0.000000E+00   0.203310E+08   0.203310E+08   0.203352E+08  -0.457048E+00   0.992054E+07   0.992034E+07   0.191875E+03
   0.388833E-03   0.203236E+08   0.203227E+08   0.118594E+08   0.115165E+08   0.000000E+00   0.203235E+08   0.203235E+08   0.203271E+08  -0.456848E+00   0.991681E+07   0.991658E+07   0.204579E+03
   0.429349E-03   0.203147E+08   0.203136E+08   0.983903E+07   0.947859E+07   0.000000E+00   0.203145E+08   0.203145E+08   0.203175E+08  -0.456613E+00   0.991234E+07   0.991207E+07   0.216635E+03
   0.474087E-03   0.203040E+08   0.203027E+08   0.782794E+07   0.746254E+07   0.000000E+00   0.203038E+08   0.203038E+08   0.203061E+08  -0.456337E+00   0.990701E+07   0.990668E+07   0.227583E+03
   0.523487E-03   0.202912E+08   0.202897E+08   0.592796E+07   0.557429E+07   0.000000E+00   0.202910E+08   0.202910E+08   0.202928E+08  -0.456015E+00   0.990065E+07   0.990028E+07   0.236908E+03
   0.578034E-03   0.202761E+08   0.202743E+08   0.425181E+07   0.392939E+07   0.000000E+00   0.202758E+08   0.202758E+08   0.202771E+08  -0.455640E+00   0.989312E+07   0.989270E+07   0.244077E+03
   0.638266E-03   0.202582E+08   0.202562E+08   0.290246E+07   0.263088E+07   0.000000E+00   0.202579E+08   0.202579E+08   0.202588E+08  -0.455205E+00   0.988424E+07   0.988376E+07   0.248586E+03
   0.704773E-03   0.202372E+08   0.202349E+08   0.194368E+07   0.173805E+07   0.000000E+00   0.202368E+08   0.202368E+08   0.202374E+08  -0.454705E+00   0.987380E+07   0.987328E+07   0.250031E+03
   0.778210E-03   0.202127E+08   0.202100E+08   0.136900E+07   0.123463E+07   0.000000E+00   0.202122E+08   0.202122E+08   0.202126E+08  -0.454129E+00   0.986161E+07   0.986103E+07   0.248172E+03
   0.859299E-03   0.201840E+08   0.201810E+08   0.108613E+07   0.101433E+07   0.000000E+00   0.201835E+08   0.201835E+08   0.201838E+08  -0.453468E+00   0.984743E+07   0.984680E+07   0.242974E+03
   0.948838E-03   0.201507E+08   0.201474E+08   0.938496E+06   0.906748E+06   0.000000E+00   0.201502E+08   0.201502E+08   0.201504E+08  -0.452707E+00   0.983101E+07   0.983034E+07   0.234613E+03
   0.104771E-02   0.201122E+08   0.201087E+08   0.774939E+06   0.754108E+06   0.000000E+00   0.201116E+08   0.201116E+08   0.201118E+08  -0.451833E+00   0.981206E+07   0.981136E+07   0.223427E+03
   0.115688E-02   0.200678E+08   0.200640E+08   0.540130E+06   0.507270E+06   0.000000E+00   0.200672E+08   0.200672E+08   0.200673E+08  -0.450828E+00   0.979027E+07   0.978954E+07   0.209841E+03
   0.127742E-02   0.200168E+08   0.200128E+08   0.308613E+06   0.257802E+06   0.000000E+00   0.200161E+08   0.200161E+08   0.200162E+08  -0.449675E+00   0.976526E+07   0.976452E+07   0.194336E+03
   0.141053E-02   0.199583E+08   0.199542E+08   0.191336E+06   0.132563E+06   0.000000E+00   0.199576E+08   0.199576E+08   0.199577E+08  -0.448356E+00   0.973664E+07   0.973589E+07   0.177496E+03
   0.155751E-02   0.198915E+08   0.198873E+08   0.178034E+06  -0.276897E+06   0.000000E+00   0.198908E+08   0.198908E+08   0.198908E+08  -0.446849E+00   0.970400E+07   0.970325E+07   0.160089E+03
   0.171980E-02   0.198154E+08   0.198112E+08   0.138601E+06  -0.226218E+06   0.000000E+00   0.198147E+08   0.198147E+08   0.198147E+08  -0.445136E+00   0.966680E+07   0.966606E+07   0.143014E+03
   0.189900E-02   0.197289E+08   0.197247E+08   0.453931E+05  -0.184716E+06   0.000000E+00   0.197282E+08   0.197282E+08   0.197282E+08  -0.443191E+00   0.962455E+07   0.962382E+07   0.127098E+03
   0.209688E-02   0.196309E+08   0.196267E+08   0.188077E+05  -0.150738E+06   0.000000E+00   0.196302E+08   0.196302E+08   0.196302E+08  -0.440988E+00   0.957670E+07   0.957599E+07   0.112931E+03
   0.231537E-02   0.195202E+08   0.195160E+08   0.348018E+05  -0.122929E+06   0.000000E+00   0.195195E+08   0.195195E+08   0.195195E+08  -0.438501E+00   0.952267E+07   0.952197E+07   0.100842E+03
   0.255663E-02   0.193956E+08   0.193913E+08  -0.230584E+03  -0.100176E+06   0.000000E+00   0.193949E+08   0.193949E+08   0.193949E+08  -0.435700E+00   0.946184E+07   0.946114E+07   0.907997E+02
   0.282303E-02   0.192558E+08   0.192513E+08   0.115982E+04  -0.815665E+05   0.000000E+00   0.192550E+08   0.192550E+08   0.192550E+08  -0.432556E+00   0.939356E+07   0.939286E+07   0.823289E+02
   0.311719E-02   0.190993E+08   0.190945E+08  -0.707412E+04  -0.663532E+05   0.000000E+00   0.190985E+08   0.190985E+08   0.190985E+08  -0.429039E+00   0.931718E+07   0.931648E+07   0.747882E+02
   0.344200E-02   0.189248E+08   0.189198E+08  -0.110508E+05  -0.539226E+05   0.000000E+00   0.189239E+08   0.189239E+08   0.189239E+08  -0.425117E+00   0.923201E+07   0.923131E+07   0.676523E+02
   0.380066E-02   0.187308E+08   0.187256E+08  -0.176087E+05  -0.437718E+05   0.000000E+00   0.187300E+08   0.187300E+08   0.187299E+08  -0.420759E+00   0.913736E+07   0.913667E+07   0.608014E+02
   0.419669E-02   0.185160E+08   0.185104E+08  -0.749288E+04  -0.354881E+05   0.000000E+00   0.185151E+08   0.185151E+08   0.185151E+08  -0.415932E+00   0.903252E+07   0.903184E+07   0.544878E+02
   0.463398E-02   0.182789E+08   0.182729E+08  -0.866247E+04  -0.287331E+05   0.000000E+00   0.182778E+08   0.182778E+08   0.182778E+08  -0.410602E+00   0.891678E+07   0.891610E+07   0.489720E+02
   0.511684E-02   0.180179E+08   0.180114E+08  -0.106977E+05  -0.232293E+05   0.000000E+00   0.180168E+08   0.180168E+08   0.180168E+08  -0.404737E+00   0.878942E+07   0.878874E+07   0.441686E+02
   0.565001E-02   0.177317E+08   0.177245E+08  -0.761171E+04  -0.187491E+05   0.000000E+00   0.177305E+08   0.177305E+08   0.177305E+08  -0.398305E+00   0.864973E+07   0.864906E+07   0.397803E+02
   0.623874E-02   0.174188E+08   0.174109E+08  -0.725420E+04  -0.151059E+05   0.000000E+00   0.174174E+08   0.174174E+08   0.174174E+08  -0.391273E+00   0.849702E+07   0.849635E+07   0.357235E+02
   0.688882E-02   0.170777E+08   0.170690E+08  -0.578516E+04  -0.121467E+05   0.000000E+00   0.170763E+08   0.170763E+08   0.170763E+08  -0.383609E+00   0.833058E+07   0.832992E+07   0.321307E+02
   0.760663E-02   0.167072E+08   0.166974E+08  -0.575513E+04  -0.974609E+04   0.000000E+00   0.167056E+08   0.167056E+08   0.167056E+08  -0.375281E+00   0.814973E+07   0.814907E+07   0.289494E+02
   0.839924E-02   0.163058E+08   0.162947E+08  -0.465544E+04  -0.780127E+04   0.000000E+00   0.163039E+08   0.163039E+08   0.163039E+08  -0.366258E+00   0.795379E+07   0.795314E+07   0.260615E+02
   0.927444E-02   0.158721E+08   0.158595E+08  -0.353450E+04  -0.622808E+04   0.000000E+00   0.158700E+08   0.158700E+08   0.158700E+08  -0.356510E+00   0.774210E+07   0.774144E+07   0.234966E+02
   0.102408E-01   0.154048E+08   0.153905E+08  -0.323737E+04  -0.495760E+04   0.000000E+00   0.154024E+08   0.154024E+08   0.154024E+08  -0.346006E+00   0.751399E+07   0.751334E+07   0.212091E+02
   0.113079E-01   0.149027E+08   0.148863E+08  -0.274637E+04  -0.393343E+04   0.000000E+00   0.148999E+08   0.148999E+08   0.148999E+08  -0.334718E+00   0.726885E+07   0.726820E+07   0.191697E+02
   0.124862E-01   0.143645E+08   0.143458E+08  -0.204988E+04  -0.310949E+04   0.000000E+00   0.143614E+08   0.143614E+08   0.143614E+08  -0.322620E+00   0.700613E+07   0.700548E+07   0.173562E+02
   0.137873E-01   0.137894E+08   0.137680E+08  -0.184489E+04  -0.244812E+04   0.000000E+00   0.137858E+08   0.137858E+08   0.137858E+08  -0.309691E+00   0.672537E+07   0.672472E+07   0.157416E+02
   0.152239E-01   0.131770E+08   0.131525E+08  -0.144204E+04  -0.191861E+04   0.000000E+00   0.131729E+08   0.131729E+08   0.131729E+08  -0.295921E+00   0.642633E+07   0.642568E+07   0.142996E+02
   0.168102E-01   0.125475E+08   0.125196E+08  -0.110142E+04  -0.149834E+04   0.000000E+00   0.125429E+08   0.125429E+08   0.125429E+08  -0.281768E+00   0.611899E+07   0.611833E+07   0.130208E+02
   0.185618E-01   0.118650E+08   0.118334E+08  -0.947041E+03  -0.116196E+04   0.000000E+00   0.118597E+08   0.118597E+08   0.118597E+08  -0.266420E+00   0.578570E+07   0.578504E+07   0.118506E+02
   0.204960E-01   0.111495E+08   0.111140E+08  -0.594540E+03  -0.895469E+03   0.000000E+00   0.111435E+08   0.111435E+08   0.111435E+08  -0.250332E+00   0.543634E+07   0.543568E+07   0.107769E+02
   0.226317E-01   0.103916E+08   0.103523E+08  -0.545970E+03  -0.684453E+03   0.000000E+00   0.103850E+08   0.103850E+08   0.103850E+08  -0.233293E+00   0.506630E+07   0.506564E+07   0.976644E+01
   0.249899E-01   0.962570E+07   0.958286E+07  -0.408794E+03  -0.519941E+03   0.000000E+00   0.961851E+07   0.961851E+07   0.961851E+07  -0.216074E+00   0.469238E+07   0.469172E+07   0.880758E+01
   0.275938E-01   0.885919E+07   0.881332E+07  -0.296813E+03  -0.392439E+03   0.000000E+00   0.885149E+07   0.885149E+07   0.885149E+07  -0.198843E+00   0.431820E+07   0.431755E+07   0.787461E+01
   0.304691E-01   0.809162E+07   0.804371E+07  -0.243207E+03  -0.293947E+03   0.000000E+00   0.808358E+07   0.808358E+07   0.808358E+07  -0.181593E+00   0.394358E+07   0.394295E+07   0.694197E+01
   0.336440E-01   0.734531E+07   0.729679E+07  -0.164631E+03  -0.218827E+03   0.000000E+00   0.733716E+07   0.733716E+07   0.733716E+07  -0.164825E+00   0.357945E+07   0.357884E+07   0.600035E+01
   0.371497E-01   0.664837E+07   0.660111E+07  -0.130287E+03  -0.162434E+03   0.000000E+00   0.664043E+07   0.664043E+07   0.664043E+07  -0.149173E+00   0.323955E+07   0.323899E+07   0.505260E+01
   0.410206E-01   0.601754E+07   0.597368E+07  -0.117206E+03  -0.120579E+03   0.000000E+00   0.601018E+07   0.601018E+07   0.601018E+07  -0.135015E+00   0.293208E+07   0.293157E+07   0.411249E+01
   0.451227E-01   0.548511E+07   0.544651E+07   0.630532E+02  -0.908379E+02   0.000000E+00   0.547863E+07   0.547863E+07   0.547863E+07  -0.123074E+00   0.267275E+07   0.267232E+07   0.324517E+01
   0.492248E-01   0.507079E+07   0.503831E+07   0.489878E+02  -0.705700E+02   0.000000E+00   0.506534E+07   0.506534E+07   0.506534E+07  -0.113790E+00   0.247112E+07   0.247075E+07   0.252165E+01
   0.533268E-01   0.473841E+07   0.471204E+07   0.390128E+02  -0.561962E+02   0.000000E+00   0.473398E+07   0.473398E+07   0.473398E+07  -0.106346E+00   0.230947E+07   0.230916E+07   0.194560E+01
   0.574289E-01   0.445919E+07   0.443818E+07   0.316625E+02  -0.456053E+02   0.000000E+00   0.445566E+07   0.445566E+07   0.445566E+07  -0.100094E+00   0.217368E+07   0.217342E+07   0.151279E+01
   0.615310E-01   0.420947E+07   0.419257E+07   0.260411E+02  -0.375065E+02   0.000000E+00   0.420663E+07   0.420663E+07   0.420663E+07  -0.944995E-01   0.205219E+07   0.205197E+07   0.120954E+01
   0.656330E-01   0.397305E+07   0.395877E+07   0.216042E+02  -0.311153E+02   0.000000E+00   0.397065E+07   0.397065E+07   0.397065E+07  -0.891983E-01   0.193707E+07   0.193687E+07   0.101483E+01
   0.697351E-01   0.373987E+07   0.372675E+07   0.180143E+02  -0.259451E+02   0.000000E+00   0.373767E+07   0.373767E+07   0.373767E+07  -0.839645E-01   0.182341E+07   0.182322E+07   0.902943E+00
   0.738371E-01   0.351264E+07   0.349947E+07   0.150911E+02  -0.217355E+02   0.000000E+00   0.351043E+07   0.351043E+07   0.351043E+07  -0.788597E-01   0.171255E+07   0.171236E+07   0.847966E+00
   0.779392E-01   0.328074E+07   0.326671E+07   0.126486E+02  -0.182185E+02   0.000000E+00   0.327838E+07   0.327838E+07   0.327838E+07  -0.736469E-01   0.159935E+07   0.159916E+07   0.822426E+00
   0.820413E-01   0.305601E+07   0.304078E+07   0.106316E+02  -0.153143E+02   0.000000E+00   0.305345E+07   0.305345E+07   0.305345E+07  -0.685939E-01   0.148962E+07   0.148942E+07   0.806764E+00
   0.861433E-01   0.284540E+07   0.282906E+07   0.897707E+01  -0.129318E+02   0.000000E+00   0.284266E+07   0.284266E+07   0.284266E+07  -0.638586E-01   0.138679E+07   0.138659E+07   0.786171E+00
   0.912552E-01   0.261217E+07   0.259507E+07   0.734246E+01  -0.105777E+02   0.000000E+00   0.260930E+07   0.260930E+07   0.260930E+07  -0.586163E-01   0.127295E+07   0.127275E+07   0.741337E+00
   0.963671E-01   0.241888E+07   0.240204E+07   0.609640E+01  -0.878282E+01   0.000000E+00   0.241605E+07   0.241605E+07   0.241605E+07  -0.542752E-01   0.117867E+07   0.117848E+07   0.672155E+00
   0.101479E+00   0.226693E+07   0.225134E+07   0.515245E+01  -0.742278E+01   0.000000E+00   0.226431E+07   0.226431E+07   0.226431E+07  -0.508663E-01   0.110464E+07   0.110447E+07   0.584946E+00
   0.106591E+00   0.215009E+07   0.213647E+07   0.442997E+01  -0.638163E+01   0.000000E+00   0.214780E+07   0.214780E+07   0.214780E+07  -0.482490E-01   0.104780E+07   0.104765E+07   0.491455E+00
   0.111703E+00   0.205725E+07   0.204586E+07   0.386034E+01  -0.556065E+01   0.000000E+00   0.205533E+07   0.205533E+07   0.205533E+07  -0.461719E-01   0.100269E+07   0.100256E+07   0.404193E+00
   0.116815E+00   0.197629E+07   0.196694E+07   0.339160E+01  -0.488513E+01   0.000000E+00   0.197472E+07   0.197472E+07   0.197472E+07  -0.443610E-01   0.963364E+06   0.963248E+06   0.332840E+00
   0.121927E+00   0.189697E+07   0.188911E+07   0.298860E+01  -0.430448E+01   0.000000E+00   0.189565E+07   0.189565E+07   0.189565E+07  -0.425846E-01   0.924785E+06   0.924682E+06   0.282239E+00
   0.127039E+00   0.181286E+07   0.180578E+07   0.263100E+01  -0.378938E+01   0.000000E+00   0.181167E+07   0.181167E+07   0.181167E+07  -0.406981E-01   0.883818E+06   0.883722E+06   0.252132E+00
   0.132150E+00   0.172242E+07   0.171546E+07   0.231000E+01  -0.332711E+01   0.000000E+00   0.172125E+07   0.172125E+07   0.172125E+07  -0.386668E-01   0.839705E+06   0.839610E+06   0.238254E+00
   0.137262E+00   0.162793E+07   0.162062E+07   0.202348E+01  -0.291455E+01   0.000000E+00   0.162670E+07   0.162670E+07   0.162670E+07  -0.365429E-01   0.793584E+06   0.793488E+06   0.234135E+00
   0.142374E+00   0.153365E+07   0.152579E+07   0.177159E+01  -0.255188E+01   0.000000E+00   0.153233E+07   0.153233E+07   0.153233E+07  -0.344229E-01   0.747546E+06   0.747446E+06   0.233033E+00
   0.147486E+00   0.144460E+07   0.143626E+07   0.155482E+01  -0.223975E+01   0.000000E+00   0.144320E+07   0.144320E+07   0.144320E+07  -0.324206E-01   0.704065E+06   0.703963E+06   0.229583E+00
   0.152598E+00   0.136568E+07   0.135715E+07   0.137290E+01  -0.197776E+01   0.000000E+00   0.136425E+07   0.136425E+07   0.136425E+07  -0.306470E-01   0.665547E+06   0.665446E+06   0.220770E+00
   0.157710E+00   0.129988E+07   0.129153E+07   0.122337E+01  -0.176236E+01   0.000000E+00   0.129848E+07   0.129848E+07   0.129848E+07  -0.291695E-01   0.633461E+06   0.633364E+06   0.206054E+00
   0.162822E+00   0.124693E+07   0.123910E+07   0.110105E+01  -0.158612E+01   0.000000E+00   0.124562E+07   0.124562E+07   0.124562E+07  -0.279820E-01   0.607673E+06   0.607582E+06   0.186849E+00
   0.167934E+00   0.120400E+07   0.119693E+07   0.999498E+00  -0.143978E+01   0.000000E+00   0.120281E+07   0.120281E+07   0.120281E+07  -0.270204E-01   0.586791E+06   0.586707E+06   0.165711E+00
   0.173046E+00   0.116744E+07   0.116120E+07   0.912846E+00  -0.131490E+01   0.000000E+00   0.116639E+07   0.116639E+07   0.116639E+07  -0.262023E-01   0.569022E+06   0.568946E+06   0.145458E+00
   0.178158E+00   0.113369E+07   0.112819E+07   0.836411E+00  -0.120475E+01   0.000000E+00   0.113276E+07   0.113276E+07   0.113276E+07  -0.254469E-01   0.552617E+06   0.552548E+06   0.128381E+00
   0.183269E+00   0.109950E+07   0.109455E+07   0.766629E+00  -0.110421E+01   0.000000E+00   0.109867E+07   0.109867E+07   0.109867E+07  -0.246810E-01   0.535985E+06   0.535921E+06   0.115724E+00
   0.188381E+00   0.106270E+07   0.105804E+07   0.701318E+00  -0.101013E+01   0.000000E+00   0.106192E+07   0.106192E+07   0.106192E+07  -0.238554E-01   0.518055E+06   0.517994E+06   0.107578E+00
   0.193493E+00   0.102294E+07   0.101834E+07   0.639861E+00  -0.921627E+00   0.000000E+00   0.102217E+07   0.102217E+07   0.102217E+07  -0.229624E-01   0.498662E+06   0.498602E+06   0.103099E+00
   0.198605E+00   0.981506E+06   0.976812E+06   0.582706E+00  -0.839325E+00   0.000000E+00   0.980718E+06   0.980718E+06   0.980718E+06  -0.220312E-01   0.478441E+06   0.478381E+06   0.100889E+00
   0.203717E+00   0.940299E+06   0.935442E+06   0.530529E+00  -0.764196E+00   0.000000E+00   0.939483E+06   0.939483E+06   0.939483E+06  -0.211049E-01   0.458325E+06   0.458265E+06   0.994215E-01
   0.208829E+00   0.901157E+06   0.896167E+06   0.483816E+00  -0.696929E+00   0.000000E+00   0.900319E+06   0.900319E+06   0.900319E+06  -0.202251E-01   0.439220E+06   0.439159E+06   0.974201E-01
   0.213941E+00   0.865630E+06   0.860608E+06   0.442772E+00  -0.637818E+00   0.000000E+00   0.864787E+06   0.864787E+06   0.864787E+06  -0.194269E-01   0.421886E+06   0.421825E+06   0.941188E-01
   0.219053E+00   0.834682E+06   0.829758E+06   0.407240E+00  -0.586637E+00   0.000000E+00   0.833855E+06   0.833855E+06   0.833855E+06  -0.187321E-01   0.406796E+06   0.406737E+06   0.893373E-01
   0.224165E+00   0.808358E+06   0.803654E+06   0.376621E+00  -0.542525E+00   0.000000E+00   0.807568E+06   0.807568E+06   0.807568E+06  -0.181415E-01   0.393971E+06   0.393915E+06   0.833892E-01
   0.229277E+00   0.785828E+06   0.781428E+06   0.349999E+00  -0.504165E+00   0.000000E+00   0.785089E+06   0.785089E+06   0.785089E+06  -0.176366E-01   0.383005E+06   0.382952E+06   0.768925E-01
   0.234388E+00   0.765794E+06   0.761726E+06   0.326383E+00  -0.470135E+00   0.000000E+00   0.765111E+06   0.765111E+06   0.765111E+06  -0.171878E-01   0.373258E+06   0.373209E+06   0.705539E-01
   0.239500E+00   0.746885E+06   0.743120E+06   0.304899E+00  -0.439179E+00   0.000000E+00   0.746252E+06   0.746252E+06   0.746252E+06  -0.167641E-01   0.364058E+06   0.364011E+06   0.649739E-01
   0.244612E+00   0.727923E+06   0.724395E+06   0.284880E+00  -0.410339E+00   0.000000E+00   0.727331E+06   0.727331E+06   0.727331E+06  -0.163391E-01   0.354827E+06   0.354782E+06   0.605131E-01
   0.249724E+00   0.708181E+06   0.704801E+06   0.265927E+00  -0.383038E+00   0.000000E+00   0.707613E+06   0.707613E+06   0.707613E+06  -0.158961E-01   0.345208E+06   0.345165E+06   0.572463E-01
   0.254836E+00   0.687530E+06   0.684217E+06   0.247916E+00  -0.357096E+00   0.000000E+00   0.686974E+06   0.686974E+06   0.686974E+06  -0.154325E-01   0.335139E+06   0.335097E+06   0.549983E-01
   0.259948E+00   0.666358E+06   0.663050E+06   0.230916E+00  -0.332614E+00   0.000000E+00   0.665803E+06   0.665803E+06   0.665803E+06  -0.149569E-01   0.324811E+06   0.324769E+06   0.534310E-01
   0.265060E+00   0.645305E+06   0.641975E+06   0.215069E+00  -0.309792E+00   0.000000E+00   0.644746E+06   0.644746E+06   0.644746E+06  -0.144838E-01   0.314538E+06   0.314497E+06   0.521518E-01
   0.270172E+00   0.625039E+06   0.621693E+06   0.200497E+00  -0.288807E+00   0.000000E+00   0.624477E+06   0.624477E+06   0.624477E+06  -0.140285E-01   0.304650E+06   0.304609E+06   0.508141E-01
   0.275284E+00   0.606135E+06   0.602803E+06   0.187273E+00  -0.269761E+00   0.000000E+00   0.605575E+06   0.605575E+06   0.605575E+06  -0.136039E-01   0.295429E+06   0.295389E+06   0.491904E-01
   0.280396E+00   0.588966E+06   0.585692E+06   0.175392E+00  -0.252648E+00   0.000000E+00   0.588417E+06   0.588417E+06   0.588417E+06  -0.132184E-01   0.287058E+06   0.287019E+06   0.472024E-01
   0.285507E+00   0.573604E+06   0.570431E+06   0.164756E+00  -0.237327E+00   0.000000E+00   0.573072E+06   0.573072E+06   0.573072E+06  -0.128737E-01   0.279572E+06   0.279534E+06   0.449075E-01
   0.290619E+00   0.559795E+06   0.556753E+06   0.155187E+00  -0.223540E+00   0.000000E+00   0.559284E+06   0.559284E+06   0.559284E+06  -0.125640E-01   0.272846E+06   0.272809E+06   0.424543E-01
   0.295731E+00   0.547081E+06   0.544183E+06   0.146469E+00  -0.210980E+00   0.000000E+00   0.546594E+06   0.546594E+06   0.546594E+06  -0.122789E-01   0.266655E+06   0.266620E+06   0.400272E-01
   0.300843E+00   0.534975E+06   0.532214E+06   0.138406E+00  -0.199364E+00   0.000000E+00   0.534511E+06   0.534511E+06   0.534511E+06  -0.120075E-01   0.260760E+06   0.260726E+06   0.377950E-01
   0.305955E+00   0.523077E+06   0.520432E+06   0.130847E+00  -0.188473E+00   0.000000E+00   0.522633E+06   0.522633E+06   0.522633E+06  -0.117406E-01   0.254966E+06   0.254933E+06   0.358713E-01
   0.311067E+00   0.511116E+06   0.508557E+06   0.123688E+00  -0.178162E+00   0.000000E+00   0.510686E+06   0.510686E+06   0.510686E+06  -0.114723E-01   0.249137E+06   0.249105E+06   0.342955E-01
   0.316179E+00   0.498974E+06   0.496470E+06   0.116876E+00  -0.168351E+00   0.000000E+00   0.498553E+06   0.498553E+06   0.498553E+06  -0.111997E-01   0.243218E+06   0.243187E+06   0.330351E-01
   0.321291E+00   0.486715E+06   0.484244E+06   0.110405E+00  -0.159029E+00   0.000000E+00   0.486300E+06   0.486300E+06   0.486300E+06  -0.109244E-01   0.237241E+06   0.237210E+06   0.320072E-01
   0.326403E+00   0.474558E+06   0.472107E+06   0.104299E+00  -0.150236E+00   0.000000E+00   0.474147E+06   0.474147E+06   0.474147E+06  -0.106514E-01   0.231312E+06   0.231281E+06   0.311073E-01
   0.331515E+00   0.462767E+06   0.460333E+06   0.985933E-01  -0.142018E+00   0.000000E+00   0.462358E+06   0.462358E+06   0.462358E+06  -0.103866E-01   0.225561E+06   0.225531E+06   0.302366E-01
   0.336626E+00   0.451543E+06   0.449135E+06   0.933010E-01  -0.134396E+00   0.000000E+00   0.451139E+06   0.451139E+06   0.451139E+06  -0.101346E-01   0.220087E+06   0.220058E+06   0.293222E-01
   0.341738E+00   0.441000E+06   0.438631E+06   0.884160E-01  -0.127359E+00   0.000000E+00   0.440603E+06   0.440603E+06   0.440603E+06  -0.989787E-02   0.214947E+06   0.214918E+06   0.283291E-01
   0.346850E+00   0.431175E+06   0.428859E+06   0.839168E-01  -0.120878E+00   0.000000E+00   0.430786E+06   0.430786E+06   0.430786E+06  -0.967735E-02   0.210158E+06   0.210130E+06   0.272614E-01
   0.351962E+00   0.422027E+06   0.419775E+06   0.797685E-01  -0.114903E+00   0.000000E+00   0.421649E+06   0.421649E+06   0.421649E+06  -0.947208E-02   0.205701E+06   0.205673E+06   0.261531E-01
   0.357074E+00   0.413430E+06   0.411248E+06   0.759232E-01  -0.109363E+00   0.000000E+00   0.413063E+06   0.413063E+06   0.413063E+06  -0.927923E-02   0.201512E+06   0.201486E+06   0.250525E-01
   0.362186E+00   0.405205E+06   0.403093E+06   0.723281E-01  -0.104184E+00   0.000000E+00   0.404850E+06   0.404850E+06   0.404850E+06  -0.909472E-02   0.197506E+06   0.197479E+06   0.240074E-01
   0.367298E+00   0.397190E+06   0.395140E+06   0.689385E-01  -0.993011E-01   0.000000E+00   0.396845E+06   0.396845E+06   0.396845E+06  -0.891490E-02   0.193600E+06   0.193575E+06   0.230536E-01
   0.372410E+00   0.389278E+06   0.387282E+06   0.657238E-01  -0.946703E-01   0.000000E+00   0.388943E+06   0.388943E+06   0.388943E+06  -0.873738E-02   0.189745E+06   0.189721E+06   0.222086E-01
   0.377522E+00   0.381421E+06   0.379467E+06   0.626650E-01  -0.902644E-01   0.000000E+00   0.381093E+06   0.381093E+06   0.381093E+06  -0.856103E-02   0.185916E+06   0.185891E+06   0.214697E-01
   0.382634E+00   0.373613E+06   0.371692E+06   0.597529E-01  -0.860698E-01   0.000000E+00   0.373291E+06   0.373291E+06   0.373291E+06  -0.838576E-02   0.182109E+06   0.182085E+06   0.208175E-01
   0.387745E+00   0.365906E+06   0.364011E+06   0.569869E-01  -0.820859E-01   0.000000E+00   0.365588E+06   0.365588E+06   0.365588E+06  -0.821272E-02   0.178352E+06   0.178328E+06   0.202241E-01
   0.392857E+00   0.358380E+06   0.356509E+06   0.543712E-01  -0.783184E-01   0.000000E+00   0.358066E+06   0.358066E+06   0.358066E+06  -0.804374E-02   0.174682E+06   0.174659E+06   0.196605E-01
   0.397969E+00   0.351110E+06   0.349264E+06   0.519081E-01  -0.747707E-01   0.000000E+00   0.350800E+06   0.350800E+06   0.350800E+06  -0.788052E-02   0.171137E+06   0.171115E+06   0.191031E-01
   0.403081E+00   0.344142E+06   0.342325E+06   0.495954E-01  -0.714395E-01   0.000000E+00   0.343837E+06   0.343837E+06   0.343837E+06  -0.772410E-02   0.167740E+06   0.167718E+06   0.185375E-01
   0.408193E+00   0.337495E+06   0.335711E+06   0.474269E-01  -0.683159E-01   0.000000E+00   0.337196E+06   0.337196E+06   0.337196E+06  -0.757490E-02   0.164500E+06   0.164478E+06   0.179603E-01
   0.413305E+00   0.331165E+06   0.329418E+06   0.453934E-01  -0.653867E-01   0.000000E+00   0.330872E+06   0.330872E+06   0.330872E+06  -0.743284E-02   0.161415E+06   0.161394E+06   0.173776E-01
   0.418417E+00   0.325118E+06   0.323409E+06   0.434824E-01  -0.626338E-01   0.000000E+00   0.324831E+06   0.324831E+06   0.324831E+06  -0.729713E-02   0.158468E+06   0.158447E+06   0.168011E-01
   0.423529E+00   0.319294E+06   0.317625E+06   0.416791E-01  -0.600362E-01   0.000000E+00   0.319013E+06   0.319013E+06   0.319013E+06  -0.716644E-02   0.155630E+06   0.155610E+06   0.162442E-01
   0.428641E+00   0.313634E+06   0.312002E+06   0.399699E-01  -0.575741E-01   0.000000E+00   0.313360E+06   0.313360E+06   0.313360E+06  -0.703945E-02   0.152872E+06   0.152852E+06   0.157178E-01
   0.433753E+00   0.308098E+06   0.306500E+06   0.383444E-01  -0.552327E-01   0.000000E+00   0.307829E+06   0.307829E+06   0.307829E+06  -0.691520E-02   0.150174E+06   0.150154E+06   0.152287E-01
   0.438864E+00   0.302659E+06   0.301092E+06   0.367952E-01  -0.530011E-01   0.000000E+00   0.302396E+06   0.302396E+06   0.302396E+06  -0.679315E-02   0.147523E+06   0.147504E+06   0.147784E-01
   0.443976E+00   0.297305E+06   0.295764E+06   0.353167E-01  -0.508714E-01   0.000000E+00   0.297046E+06   0.297046E+06   0.297046E+06  -0.667296E-02   0.144913E+06   0.144894E+06   0.143629E-01
   0.449088E+00   0.292038E+06   0.290521E+06   0.339057E-01  -0.488390E-01   0.000000E+00   0.291783E+06   0.291783E+06   0.291783E+06  -0.655474E-02   0.142346E+06   0.142327E+06   0.139749E-01
   0.454200E+00   0.286882E+06   0.285387E+06   0.325614E-01  -0.469027E-01   0.000000E+00   0.286630E+06   0.286630E+06   0.286630E+06  -0.643898E-02   0.139832E+06   0.139814E+06   0.136060E-01
   0.459312E+00   0.281864E+06   0.280390E+06   0.312836E-01  -0.450622E-01   0.000000E+00   0.281616E+06   0.281616E+06   0.281616E+06  -0.632634E-02   0.137386E+06   0.137368E+06   0.132486E-01
   0.464424E+00   0.277002E+06   0.275550E+06   0.300708E-01  -0.433153E-01   0.000000E+00   0.276758E+06   0.276758E+06   0.276758E+06  -0.621720E-02   0.135016E+06   0.134998E+06   0.128974E-01
   0.469536E+00   0.272300E+06   0.270872E+06   0.289202E-01  -0.416579E-01   0.000000E+00   0.272060E+06   0.272060E+06   0.272060E+06  -0.611166E-02   0.132724E+06   0.132706E+06   0.125495E-01
   0.474648E+00   0.267756E+06   0.266352E+06   0.278285E-01  -0.400853E-01   0.000000E+00   0.267521E+06   0.267521E+06   0.267521E+06  -0.600969E-02   0.130510E+06   0.130492E+06   0.122051E-01
   0.479760E+00   0.263367E+06   0.261988E+06   0.267921E-01  -0.385925E-01   0.000000E+00   0.263136E+06   0.263136E+06   0.263136E+06  -0.591119E-02   0.128370E+06   0.128353E+06   0.118666E-01
   0.484872E+00   0.259118E+06   0.257763E+06   0.258070E-01  -0.371734E-01   0.000000E+00   0.258890E+06   0.258890E+06   0.258890E+06  -0.581582E-02   0.126299E+06   0.126282E+06   0.115376E-01
   0.489983E+00   0.254984E+06   0.253654E+06   0.248682E-01  -0.358212E-01   0.000000E+00   0.254761E+06   0.254761E+06   0.254761E+06  -0.572304E-02   0.124285E+06   0.124268E+06   0.112210E-01
   0.495095E+00   0.250945E+06   0.249638E+06   0.239716E-01  -0.345295E-01   0.000000E+00   0.250726E+06   0.250726E+06   0.250726E+06  -0.563240E-02   0.122316E+06   0.122300E+06   0.109191E-01
   0.500207E+00   0.246990E+06   0.245705E+06   0.231140E-01  -0.332943E-01   0.000000E+00   0.246774E+06   0.246774E+06   0.246774E+06  -0.554364E-02   0.120388E+06   0.120373E+06   0.106330E-01
   0.505319E+00   0.243115E+06   0.241850E+06   0.222934E-01  -0.321123E-01   0.000000E+00   0.242903E+06   0.242903E+06   0.242903E+06  -0.545666E-02   0.118500E+06   0.118484E+06   0.103621E-01
   0.510431E+00   0.239316E+06   0.238070E+06   0.215076E-01  -0.309804E-01   0.000000E+00   0.239107E+06   0.239107E+06   0.239107E+06  -0.537139E-02   0.116648E+06   0.116632E+06   0.101047E-01
   0.515543E+00   0.235592E+06   0.234365E+06   0.207552E-01  -0.298966E-01   0.000000E+00   0.235386E+06   0.235386E+06   0.235386E+06  -0.528781E-02   0.114833E+06   0.114818E+06   0.985826E-02
   0.520655E+00   0.231952E+06   0.230742E+06   0.200351E-01  -0.288594E-01   0.000000E+00   0.231749E+06   0.231749E+06   0.231749E+06  -0.520610E-02   0.113058E+06   0.113043E+06   0.962044E-02
   0.525767E+00   0.228403E+06   0.227210E+06   0.193468E-01  -0.278680E-01   0.000000E+00   0.228203E+06   0.228203E+06   0.228203E+06  -0.512644E-02   0.111328E+06   0.111314E+06   0.938928E-02
   0.530879E+00   0.224949E+06   0.223773E+06   0.186890E-01  -0.269204E-01   0.000000E+00   0.224751E+06   0.224751E+06   0.224751E+06  -0.504890E-02   0.109645E+06   0.109630E+06   0.916345E-02
   0.535991E+00   0.221585E+06   0.220427E+06   0.180601E-01  -0.260144E-01   0.000000E+00   0.221390E+06   0.221390E+06   0.221390E+06  -0.497340E-02   0.108005E+06   0.107991E+06   0.894236E-02
   0.541102E+00   0.218310E+06   0.217169E+06   0.174585E-01  -0.251480E-01   0.000000E+00   0.218118E+06   0.218118E+06   0.218118E+06  -0.489990E-02   0.106409E+06   0.106394E+06   0.872621E-02
   0.546214E+00   0.215121E+06   0.213998E+06   0.168831E-01  -0.243190E-01   0.000000E+00   0.214933E+06   0.214933E+06   0.214933E+06  -0.482833E-02   0.104855E+06   0.104841E+06   0.851573E-02
   0.559946E+00   0.206930E+06   0.205851E+06   0.154535E-01  -0.222598E-01   0.000000E+00   0.206749E+06   0.206749E+06   0.206749E+06  -0.464449E-02   0.100862E+06   0.100849E+06   0.798361E-02
   0.593872E+00   0.188554E+06   0.187570E+06   0.125183E-01  -0.180318E-01   0.000000E+00   0.188389E+06   0.188389E+06   0.188389E+06  -0.423204E-02   0.919052E+05   0.918929E+05   0.687377E-02
   0.629853E+00   0.171767E+06   0.170871E+06   0.101381E-01  -0.146033E-01   0.000000E+00   0.171616E+06   0.171616E+06   0.171616E+06  -0.385526E-02   0.837228E+05   0.837117E+05   0.590805E-02
   0.879031E+00   0.100409E+06   0.998860E+05   0.304269E-02  -0.438285E-02   0.000000E+00   0.100322E+06   0.100322E+06   0.100322E+06  -0.225367E-02   0.489417E+05   0.489351E+05   0.250414E-02
   0.122679E+01   0.579868E+05   0.576845E+05   0.902151E-03  -0.129952E-02   0.000000E+00   0.579361E+05   0.579361E+05   0.579361E+05  -0.130150E-02   0.282640E+05   0.282601E+05   0.106040E-02
   0.171212E+01   0.331391E+05   0.329662E+05   0.264699E-03  -0.381298E-03   0.000000E+00   0.331101E+05   0.331101E+05   0.331101E+05  -0.743798E-03   0.161527E+05   0.161504E+05   0.453772E-03
   0.238945E+01   0.187690E+05   0.186708E+05   0.769674E-04  -0.110876E-03   0.000000E+00   0.187525E+05   0.187525E+05   0.187525E+05  -0.421264E-03   0.914841E+04   0.914698E+04   0.199677E-03
